Id Fail Leverage CumulProfit Liquid OverDueDebt WorkCap OperProfit ShortDebt GuarDebt StateLag FiscalLag InFinan Links CapStruct
1 0 1 0.12911 0.05359 0 0.0765 0.09662 0 0 128 105 0.07439 0 0.81122
2 0 1 0.08815 0.02957 0 0.03307 0.13316 0.01061 0.04186 136 35 0.09217 0 0.87221
3 0 1 0.37154 0.07035 0 0.1894 0.10179 0.20643 0 129 98 0.10091 0 0.49301
4 0 0 -0.02375 0.17381 0 -0.11621 -0.0009 0.02716 0 184 94 -0.00569 0 0.945
5 1 0 0.35253 0.00092 1 0.53456 0.00395 0.23932 0 139 111 0.02057 0 0.56809
6 0 1 0.38699 0.12311 0 0.32436 0.12385 0 0 264 124 0.17207 0 0.56425
7 1 1 -0.08919 0.0031 0 0.07477 0.09592 0.18914 0 262 239 0.10022 0 1.05041
8 0 0 0.13555 0.05892 1 0.57028 0.0793 0.50617 0.51474 222 182 0.09753 0 0.69232
9 0 1 0.36701 0.19682 0 0.03912 -0.00041 0 0 185 156 -0.19649 0 0.4234
10 0 1 0.02211 0.02029 0 0.09951 0.05124 0.0202 0 206 160 0.044 0 0.84158
11 0 0 0.05116 0.0087 0 0.54226 0.07555 0.34457 0 184 177 0.08328 0 0.80542
12 0 0 -0.34625 0.02584 0 -0.04083 -0.3353 0.04564 0.51656 285 284 -0.44443 0 1.27
13 1 0 0.03297 0.00083 1 0.44287 -0.09839 0.24821 0.08324 152 106 0.05327 0 0.81577
14 1 0 0.01083 0.00294 1 0.01507 0.10429 0.15281 0.83896 366 311 0.20141 0 0.81287
15 1 0 -0.19118 0.08123 0 0.1321 -0.0745 0.28541 0 180 181 -0.07039 0 1.074
16 1 1 0.00448 0.04482 0 0.15616 0.03021 0.19891 0 217 123 -0.47221 0 0.98064
17 0 1 0.15301 0.30415 0 0.19971 0.14883 0 0 172 151 0.16591 0 0.50106
18 0 1 0.23456 0.01063 0 0.37754 0.11981 0.40421 0 327 293 0.13075 0 0.42166
19 0 1 0.09558 0.2544 0 -0.13621 -0.01643 0 0 247 100 -0.03902 0 0.846
20 0 0 0.11649 0.02311 0 0.57399 0.10219 0.14598 0.29393 250 164 0.12921 0 0.37458
21 0 1 0.22177 0.0211 0 0.43572 0.06373 0 0 186 110 0.08505 0.16463 0.32237
22 0 1 -0.08572 0.20708 0 0.02012 0.02755 0 0.57501 209 96 -0.6204 0 1.0841
23 0 1 0.31044 0.00982 0 0.41486 0.08323 0.06233 0 176 109 0.00895 0 0.60649
24 0 1 0.05164 0.06764 0 -0.06655 0.06145 0 0.68086 173 165 0.12023 0 0.82999
25 1 0 -0.00856 0.00061 0 0.26901 -0.0777 0.01686 0.18344 236 104 0.08967 0 0.8761
26 0 1 0.5172 0.0436 0 0.59123 0.11742 0.21637 0 320 138 0.11007 0 0.4376
27 1 0 -0.07613 0.0032 1 0.57717 0.06571 0.42575 0 179 72 0.06632 0 0.88203
28 0 1 0.46627 0.05241 0 0.64956 0.1104 0.1711 0 149 131 0.07357 0 0.40391
29 0 1 0.21735 0.11486 0 0.44993 0.12197 0.38506 0.65291 243 174 0.15048 0 0.66265
30 0 0 0.22834 0.02902 0 0.14886 0.04775 0 0.54471 143 125 -0.02338 0 0.71327
31 0 0 0.09442 0.0108 0 -0.00286 0.0581 0 0.35419 333 148 -0.01063 0.00896 0.8816
32 0 0 0.58322 0.03589 0 0.79714 -0.02129 0.34549 0.31491 153 135 0.00595 0 0.14799
33 1 1 0.11053 0.00168 1 0.25069 0.0922 0.41227 0 176 160 -0.04448 0 0.86374
34 0 1 0.22145 0.01011 0 0.35752 0.26281 0.13926 0.20137 152 138 0.28828 0 0.5946
35 0 1 0.04194 0.00238 0 0.2799 0.0955 0.2255 0.4747 177 148 -0.02555 0 0.84134
36 0 1 0.36821 0.30347 0 0.05772 0.22207 0 0.17524 167 148 0.03095 0 0.54428
37 0 1 0.2007 0.03435 0 0.04139 0.07959 0.77312 0.34704 137 92 0.00267 0 0.34471
38 0 1 0.53253 0.04964 0 0.07351 0.02423 0.13875 0 200 182 -0.00659 0 0.44567
39 0 0 0.49924 0.06387 1 0.22037 0.07553 0.02871 0.20915 184 137 0.1113 0 0.43921
40 1 0 0.10537 0.00958 0 0.5147 0.08677 0.55736 0.16501 215 151 0.08715 0 0.84524
41 0 0 0.31115 0.00101 0 0.43421 0.03511 0.14297 0 190 165 0.04508 0 0.61713
42 0 0 0.08411 0.00175 0 0.29961 0.05456 0.20822 0 110 76 0.06444 0 0.82749
43 0 1 0.56821 0.00598 0 0.39008 0.18098 0.00778 0 184 152 0.31387 0 0.42751
44 0 1 0.18168 0.00115 0 0.76931 0.0962 0.74639 0.74639 221 101 0.11774 0 0.67186
45 1 0 0.27388 0.02297 0 0.28032 -0.11505 0 0.29259 285 158 -0.16123 0 0.6493
46 0 0 0.0371 0.00532 0 0.38917 0.04214 0.28515 0 146 130 0.0713 0 0.84588
47 1 1 0.12198 0.00198 0 0.45601 0.08476 0.48931 0.62635 137 106 0.04644 0 0.83395
48 0 1 0.2499 0.09792 1 0.47103 0.16041 0 0 185 125 0.13341 0 0.40351
49 0 1 0.34851 0.17032 1 0.20959 0.13991 0 0 327 163 0.15187 0 0.59339
50 0 1 0.0205 0.13544 0 0.39844 0.10511 0.52721 0 171 158 0.15941 0 0.80114
51 0 1 0.14075 0.09237 0 0.11007 0.11462 0.04268 0.4596 201 153 0.23976 0 0.72409
52 1 1 0.04537 0.0259 1 0.1776 -0.05643 0.12111 0 289 116 0.23265 0 0.80353
53 0 1 0.27807 0.16786 0 0.20818 0.21711 0 0 214 181 0.21112 0 0.56225
54 1 0 0.05405 0.04619 0 0.04517 -0.09219 0.35492 0.52957 204 131 -0.07673 0 0.8956
55 0 1 0.31327 0.24581 0 0.34631 -0.00875 0 0 125 98 0.07935 0 0.60798
56 0 0 0.23262 0.0154 0 0.43296 0.01663 0.31469 0 218 180 -0.08425 0 0.76049
57 1 1 0.09813 0.00018 0 0.33352 0.07549 0.23512 0 169 129 0.0122 0 0.84832
58 1 0 -0.12942 0.00043 0 0.30786 -0.01843 0.17119 0.33301 158 130 -0.04411 0 0.765
59 0 1 0.4324 0.26722 0 0.05887 0.29001 0 0 281 272 0.24453 0 0.48826
60 0 0 0.01949 0.04061 0 0.45809 0.05749 0 0 338 327 0.05323 0 0.94913
61 0 1 0.29411 0.07989 0 0.20545 0.18216 0.00047 0 208 124 0.12028 0 0.61634
62 0 1 -0.25155 0.03684 0 0.43697 0.06096 0.32238 0 288 261 0.02002 0 0.76103
63 0 0 0.22869 0.00325 1 0.28115 0.04905 0.04737 0 264 251 0.07944 0 0.7429
64 0 1 0.42302 0.23303 0 0.54321 0.25184 0.09952 0 185 136 0.20598 0 0.41098
65 0 1 0.08654 0.06999 0 0.2613 0.07532 0.08372 0.22263 101 67 0.114 0 0.87744
66 0 1 0.16467 0.00476 0 0.45145 0.05465 0 0 167 155 0.05747 0 0.28607
67 0 1 0.11043 0.22112 0 -0.00383 0.12648 0 0.2943 234 170 0.09072 0 0.73506
68 0 1 0.12591 0.09166 0 0.18008 0.05309 0.00846 0.08575 288 153 0.05973 0 0.6527
69 0 0 0.10148 0.04321 0 0.16675 0.03976 0 0.15524 176 148 0.03149 0 0.75701
70 0 0 0.07263 0.04743 0 0.61638 0.00277 0.59292 0 163 132 0.0328 0 0.32434
71 1 1 0.21166 0 0 -0.0659 0.05159 0.15819 0 239 186 0.22847 0 0.66357
72 0 0 0.02838 0.04956 0 0.17949 -0.03829 0.27606 0 218 173 -0.04268 0 0.9177
73 0 1 0.19873 0.00701 0 0.28886 0.05319 0 0.29896 211 159 0.0806 0 0.67534
74 0 0 0.04549 0.00684 0 0.15138 0.06466 0.13401 0 213 180 0.08385 0 0.66067
75 1 0 0.1077 0.03038 0 0.11372 0.16742 0.3341 0 155 153 0.16896 0 0.87459
76 0 0 0.11343 0.012 0 0.0218 0.05802 0.15995 0 204 163 -0.21679 0 0.84999
77 0 1 0.11786 0.0418 0 0.09467 0.04393 0 0.55518 179 156 0.02075 0 0.86014
78 0 1 0.15375 0.07287 0 0.11734 0.19564 0.0878 0.0344 168 155 0.22086 0 0.83323
79 0 1 0.07194 0.0714 0 0.50529 0.10919 0.39039 0 184 153 0.17947 0 0.79095
80 0 1 0.51462 0.14408 0 0.43635 0.33254 0 0 175 151 0.36931 0 0.43942
81 0 1 0.21937 0.07636 0 0.70439 0.20973 0.01941 0 186 156 0.22477 0 0.66075
82 0 0 0.08328 0.01284 0 -0.14142 -0.05985 0.12876 0.57793 256 227 -0.05636 0 0.858
83 0 0 0.14869 0.05639 0 0.17764 0.02012 0.01851 0.0363 192 152 0.03675 0 0.71421
84 0 1 0.43782 0.45158 0 0.01753 0.24186 0.03423 0.03423 214 172 0.1489 0 0.494
85 0 1 0.37343 0.2343 0 0.39632 0.07241 0.0454 0 220 103 0.02054 0 0.6019
86 0 1 0.3758 0.16634 0 0.14829 0.0407 0 0 164 136 0.05215 0 0.59531
87 0 1 0.32903 0.11657 0 -0.01582 0.42078 0.26223 0 109 92 0.14797 0 0.57289
88 0 1 0.35889 0.02096 0 0.42458 0.06431 0.08188 0 128 97 0.01816 0 0.58451
89 1 0 0.34254 0 1 0.59555 0.01519 0.39071 0 213 169 0.0505 0 0.59584
90 1 1 0.01795 0.00125 0 0.24414 0.04445 0 0 352 189 -0.01991 0 0.95835
91 0 0 0.162 0.00315 0 0.36415 0.064 0.06727 0.23707 254 218 0.08064 0.02608 0.79556
92 0 1 0.4562 0.17035 0 0.18935 0.18229 0 0 339 157 0.27527 0 0.51523
93 1 0 -0.00296 0.04848 1 0.07505 -0.10625 0.07249 0.52523 186 156 0.13988 0 0.8184
94 0 0 0.68259 0.28953 0 0.01771 -0.15394 0 0 218 167 -0.17793 0 0.2266
95 0 1 0.23792 0.03465 0 0.39966 0.0864 0.1633 0.20766 279 263 0.12969 0 0.46605
96 0 0 0.06665 0.00955 0 0.33114 0.04638 0.03219 0.76942 163 159 -0.42222 0 0.43877
97 0 0 -0.0083 0.00729 0 0.10899 0.02542 0.06979 0.22711 197 167 0.02677 0 0.99396
98 0 0 0.04707 0.01215 0 0.48078 0.05306 0.28381 0.68185 168 147 0.10023 0 0.87053
99 1 1 -0.21634 0.03016 1 0.1473 0.0738 0.18896 0.12866 293 182 0.091 0 0.98634
100 0 0 0.11791 0.00171 0 0.19603 0.16894 0.3698 0.60766 187 155 -0.28671 0 0.8668
101 0 0 -0.09329 0.04876 0 0.00113 0.0445 0 0.82616 158 132 0.10643 0 0.5529
102 0 0 0.15092 0.03681 0 0.24747 -0.00924 0.24421 0.31656 127 120 0.03504 0 0.71499
103 0 1 0.07652 0.00248 0 0.36765 0.03967 0.42934 0 178 153 0.05016 0 0.80367
104 1 0 0.09351 0.00101 0 0.61466 0.04697 0.50523 0 168 148 0.07564 0 0.75685
105 0 0 0.14052 0.04983 0 0.10704 -0.00464 0.56701 0 284 59 -0.4991 0 0.60534
106 0 0 -0.03347 0.0363 0 0.85478 0.00973 0.55651 0 184 151 0.06874 0 0.81166
107 0 1 0.50819 0.12609 0 0.44018 0.2388 0.03498 0 163 150 0.24505 0 0.47829
108 0 1 0.32439 0.0097 0 0.79991 0.22998 0.70263 0.83249 446 84 0.2832 0 0.59465
109 0 1 0.18332 0.00067 0 0.35893 0.04088 0.00074 0.61804 199 143 0.06659 0 0.69323
110 0 0 0.05777 0.11243 0 -0.11732 0.01743 0 0 175 153 -0.00578 0 0.8755
111 0 1 0.2223 0.0911 0 -0.36983 0.0174 0 0 191 162 -0.44451 0 0.7343
112 0 0 0.21065 0.00239 0 0.11854 0.01996 0.18929 0.44041 170 136 0.05777 0 0.76398
113 0 1 0.29222 0.17625 0 0.24953 0.13464 0.16235 0.35954 94 86 0.16569 0 0.59788
114 0 0 0.03319 0.02315 0 0.17993 0.02506 0.26759 0.3913 161 147 -0.06594 0 0.86119
115 1 0 0.10654 0.00663 0 0.26145 0.0218 0.29165 0 178 151 -0.14912 0 0.88283
116 0 1 0.20049 0.02141 0 0.35451 0.19577 0.17479 0 232 128 0.21197 0 0.72271
117 0 1 0.15943 0.05358 0 0.06135 0.08338 0 0.38787 186 159 -0.14947 0 0.80394
118 0 1 0.16285 0.00026 0 0.41198 0.06851 0.25621 0.09223 175 153 0.07151 0 0.80024
119 0 1 0.4398 0.2113 0 0.23369 0.0929 0 0.03795 163 147 0.16208 0 0.49627
120 0 1 0.21154 0.10186 1 0.27349 0.13825 0.03222 0 170 135 0.03654 0 0.68092
121 0 1 0.22699 0.07823 0 0.06717 0.0473 0 0.28754 245 143 -0.05358 0 0.71888
122 1 0 -0.03441 0.07466 0 0.15635 0.04858 0.42086 0.45599 372 129 0.10438 0.23797 0.94211
123 0 1 0.04701 0.12781 0 -0.14698 0.03919 0 0 291 272 -0.02399 0 0.9453
124 0 1 0.22039 0.06067 0 0.05709 0.10858 0.01086 0.4233 207 126 0.07897 0 0.71148
125 0 0 0.08761 0.03036 0 0.13593 0.03216 0.00428 0.43826 176 163 -0.28045 0 0.87059
126 0 1 0.27759 0.04077 0 0.19904 0.08875 0 0 158 130 0.01587 0 0.69817
127 0 1 0.26003 0.11905 0 0.30701 0.05144 0 0.11355 248 235 0.05654 0 0.68445
128 0 1 0.08907 0.06261 0 0.24067 0.08977 0 0.22163 176 147 0.08803 0 0.83589
129 0 1 0.24382 0.06628 0 0.29087 0.2 0.27492 0.48752 181 150 0.13932 0 0.70829
130 0 1 0.25767 0.05071 0 0.32867 0.09938 0.04051 0 386 154 -0.02823 0 0.67361
131 0 0 0.19269 0.06429 0 0.23247 0.03681 0.11805 0.21905 192 129 0.06992 0 0.6498
132 1 0 -0.03046 0.00213 0 0.08847 0.00426 0.11475 0 184 154 0.02571 0 0.95171
133 0 1 0.35476 0.05355 0 0.69394 0.20821 0.09075 0.25852 147 121 0.2065 0 0.52575
134 1 0 0.0052 0.03588 0 0.01992 -0.01546 0.12425 0 331 280 -0.05622 0 0.9316
135 0 1 0.49335 0.00429 0 0.59572 0.15389 0.39397 0 246 160 0.21453 0 0.41754
136 0 1 0.15499 0.2609 0 -0.08304 0.10619 0.07736 0 178 153 -0.09541 0 0.8014
137 0 1 0.20231 0.018 0 0.40595 0.04685 0.05706 0.34862 187 141 -0.00951 0 0.7271
138 0 1 0.08849 0.05932 0 0.0123 0.05049 0.01824 0 179 139 -0.3134 0 0.86989
139 0 1 0.44761 0.09968 0 0.15101 0.1096 0.01429 0 251 181 0.02704 0 0.51094
140 0 1 0.24276 0.09165 0 0.27674 0.19996 0 0.29833 277 265 0.24411 0 0.71114
141 0 1 0.40747 0.0659 0 0.62018 0.0684 0.02963 0 168 160 0.07867 0 0.34513
142 1 1 0.00411 0.00092 0 0.0798 0.0969 0 0 352 189 0.06786 0 0.96708
143 0 1 0.03201 0.23765 0 0.07577 0.03549 0.12412 0 266 124 0.00933 0 0.76469
144 1 0 0.04031 0.04312 0 0.65172 0.05036 0.63054 0 260 227 0.09951 0 0.93916
145 0 0 0.07935 0.00505 0 0.24886 0.06571 0.28794 0.49304 329 233 0.10543 0 0.83084
146 0 1 0.04605 0.3682 0 0.14515 0.18938 0.59723 0.14948 179 153 0.14159 0 0.92701
147 0 1 0.02883 0.05719 0 0.0242 0.04316 0 0 240 198 0.14358 0 0.96339
148 0 1 0.52863 0.02836 0 0.68122 0.37369 0.25182 0 415 71 0.32279 0 0.34385
149 0 1 0.5237 0.2322 0 0.24807 0.19651 0.11025 0 164 135 0.11392 0 0.45127
150 0 0 0.0781 0.00709 0 0.1203 0.0466 0.3537 0 287 263 0.03503 0 0.84969
151 0 1 0.25114 0.14146 0 0.39677 0.07225 0.09851 0 186 159 -0.01192 0 0.64734
152 0 1 0.09246 0.19379 0 -0.44381 -0.0004 0 0 322 152 0.10659 0 0.6932
153 0 1 0.33225 0.0005 0 0.21764 0.16853 0.0367 0.7265 178 160 0.09805 0 0.61924
154 1 0 0.02684 0.0005 0 0.25396 0.03013 0.38094 0 194 153 0.12701 0 0.72728
155 0 1 0.29272 0.03584 0 0.52423 0.16035 0.45575 0 217 149 0.15044 0 0.65353
156 0 1 0.21178 0.00137 0 0.48861 0.04882 0.07275 0 260 167 0.0658 0 0.52525
157 0 1 0.10961 0 0 -0.00473 0.11123 0.16037 0.97796 136 129 0.14336 0 0.83137
158 0 0 0.02885 0 0 0.00699 0.0463 0.02684 0.20822 88 60 0.06537 0 0.89644
159 1 0 -0.38885 0.00106 0 0.35598 -0.31368 0.64142 0 358 172 -0.26874 0 1.257
160 1 0 0.00209 0.07446 0 0.47515 0.03153 0.51987 0.62598 262 143 0.02914 0 0.81527
161 0 1 0.03181 0.038 0 0.19295 0.05384 0.0536 0 145 130 -0.04546 0 0.7498
162 0 1 0.16363 0.09809 0 -0.02902 0.15243 0.03856 0.27612 197 153 0.01993 0 0.8136
163 0 0 -0.05119 0.00034 0 0.34238 0.04643 0.31672 0 171 146 0.06946 0 0.92983
164 1 0 0.00285 0.01247 1 0.46905 0.03569 0.12048 0 275 136 -0.14915 0 0.85363
165 0 1 0.09906 0.29528 0 0.06637 0.28466 0.25874 0 302 131 0.21919 0 0.81353
166 1 1 0.00363 0.00602 1 0.22767 0.09368 0.0918 0.15032 221 164 0.07633 0 0.90557
167 1 1 -0.01271 0.01027 0 -0.0741 0.03569 0.09852 0.52601 361 161 -0.11266 0 0.877
168 0 0 -0.09039 0.07129 0 0.07853 0.11748 0.06261 0 137 128 0.07217 0 0.85164
169 1 1 0.03233 0.03443 0 0.38495 0.15716 0.34092 0.38057 273 133 0.15592 0 0.88691
170 0 1 0.24175 0.24062 0 0.0434 0.07498 0 0 213 178 0.11656 0 0.72216
171 0 1 0.04247 0.01271 0 -0.11873 0.07957 0.13116 0.3255 168 160 0.04817 0 0.86776
172 1 1 0.05957 0.02287 0 0.1377 0.07837 0.05588 0.58006 183 152 0.04733 0 0.8339
173 0 1 0.2039 0.25055 0 0.10589 0.19615 0 0.06232 310 118 0.05878 0 0.76307
174 0 0 0.16988 0.18919 1 -0.00386 0.36527 0.12151 0 164 140 0.32432 0 0.58784
175 0 1 0.27985 0.08832 0 0.083 0.07076 0.02642 0.69813 204 153 -0.23335 0 0.69798
176 0 0 0.0531 0.00849 0 0.174 -0.06373 0.63354 0 178 153 -0.24421 0 0.9115
177 1 0 -3.73115 0 0 0.66982 -0.09846 0.94209 0 218 182 0.26285 0 3.7507
178 0 0 0.22237 0.03194 0 0.30217 0.00191 0 0 191 161 0.14551 0 0.66748
179 1 0 -0.01145 0.07724 0 0.19336 0.03186 0.00279 0 275 139 0.03626 0 0.82482
180 0 1 0.04711 0.0161 1 0.34591 0.03894 0.20256 0 204 152 -0.00242 0 0.9225
181 1 1 0.01358 0.02354 1 0.14321 0.03707 0.00486 0.59312 279 173 -0.19812 0 0.88644
182 1 0 -0.59516 0.00488 1 -0.21951 -0.55523 0.27963 0.45982 225 179 -0.2801 0 1.03
183 0 1 0.2889 0.06473 0 0.69812 0.41115 0.54751 0.44195 143 128 0.39546 0 0.68897
184 0 1 0.70146 0.05796 0 0.87808 0.21658 0 0 154 133 0.2047 0 0.0702
185 0 1 0.17241 0.0183 0 0.33075 0.04293 0.02201 0.14227 152 126 0.07367 0 0.60168
186 0 1 0.0591 0.05056 0 -0.09019 0.06975 0.03172 0 153 124 -0.08537 0 0.8603
187 1 1 -0.0104 0.05463 1 0.19507 0.11158 0 0 173 142 -0.04711 0 0.9354
188 1 0 0.03654 0.01854 1 0.07269 0.01814 0.05592 0.13341 304 199 -0.01818 0 0.86641
189 0 1 0.62536 0.0001 0 0.64647 0.14536 0.08126 0 292 272 0.16732 0 0.29927
190 0 1 -0.00447 0.07442 0 0.12756 0.06078 0.00032 0.74184 204 174 -0.14733 0 0.9227
191 1 1 0.07458 0.01435 0 0.12599 0.09609 0.21217 0.19626 253 183 0.00395 0 0.87396
192 1 0 -0.03751 0.00268 0 0.31445 0.03088 0.63105 0.25961 165 162 -0.03951 0 0.8682
193 0 1 0.08193 0.10307 0 0.00294 0.03894 0.00432 0 165 159 0.02201 0 0.87391
194 1 0 0.01129 0.01779 0 0.21709 0.06836 0 0 175 151 0.16934 0 0.6304
195 0 0 0.08352 0.25923 0 0.06688 -0.03775 0 0 177 152 -0.31533 0 0.8512
196 0 0 0.11827 0.0299 0 0.44136 0.02976 0.43276 0.54404 348 320 0.03245 0 0.86669
197 0 1 0.34704 0.03271 0 0.33643 0.2139 0.08757 0 160 124 0.29787 0 0.63911
198 0 0 0.0713 0.00431 0 0.36725 -0.03389 0.27038 0 268 177 0.13984 0 0.88667
199 0 0 -0.0268 0.00258 0 0.66301 0.10796 0.77545 0.155 180 144 0.05267 0 0.87348
200 0 1 0.31541 0.02188 0 0.34489 0.08628 0 0.22836 240 167 0.20998 0 0.51881
201 0 1 0.52533 0.50032 0 -0.00924 0.50152 0 0.01153 199 167 0.27926 0 0.38557
202 0 0 0.0113 0.02327 0 0.22337 0.13516 0.17447 0 213 153 0.72032 0 0.98024
203 0 1 0.12411 0.02711 0 0.09976 0.07615 0 0.6809 251 172 -0.31601 0 0.75939
204 0 1 0.15949 0.00027 0 0.1932 0.05341 0.3647 0.59295 183 137 0.11156 0 0.7564
205 0 0 0.01541 0.01503 0 0.35204 0.02334 0.28133 0.34696 296 154 -0.05021 0 0.90097
206 0 0 0.1457 0.61781 0 -0.36311 0.63919 0.00908 0 334 113 0.23926 0 0.6608
207 0 1 0.02529 0.00275 0 0.18869 5e-05 0.57134 0 184 178 -0.06762 0 0.93502
208 0 0 0.57521 0.09326 0 0.39338 0.21883 0 0 219 97 0.33718 0 0.27316
209 1 0 -2.13897 8e-05 0 -0.60609 -0.82646 0.3936 0 195 172 -0.69707 0 1.41
210 1 0 -0.06595 0.00105 0 -0.30494 -0.04981 0.33506 0 179 153 -0.54547 0 1
211 0 1 0.09281 0.00315 0 0.59289 0.10273 0.47498 0 301 183 0.06748 0 0.8715
212 0 1 0.01291 0.06441 1 0.66059 0.02554 0.61965 0 180 126 0.03505 0 0.81093
213 0 1 0.18403 0.08941 0 0.07648 0.10345 0.01634 0.04634 164 139 0.09011 0 0.79194
214 0 1 0.1753 0.04309 0 0.00944 0.06155 0.00879 0 190 166 0.04193 0 0.74609
215 1 0 0.00663 0.00145 0 0.16313 -0.02892 0.00839 0 156 141 0.11536 0 0.66648
216 0 1 0.10924 0.00948 1 0.30356 0.09834 0.07732 0.33263 175 147 0.10559 0 0.76374
217 0 1 0.0424 0.06003 1 -0.18471 0.05598 0 0.31142 247 209 0.08923 0 0.92923
218 0 1 -0.034 0.01963 0 0.18881 0.11401 0.41647 0 251 182 -0.28807 0 0.8517
219 1 0 0.09103 0 0 -0.17743 0.0622 0.47659 0.17699 219 171 -0.27019 0 0.727
220 1 0 0.00352 0.00315 0 0.0672 0.09153 0 0.9016 280 254 -0.77963 0 0.55164
221 1 0 -1.68699 0.00105 0 0.24115 -0.8002 0.34659 0 202 166 -0.83594 0 2.379
222 1 0 0.08459 0.01107 0 0.13102 0.06752 0.08803 0.39851 232 181 -0.01995 0 0.74546
223 1 1 0.02894 0.04658 1 0.21282 0.09588 0.00345 0 320 178 0.09426 0 0.95061
224 1 0 0.00167 0.00019 1 0.12404 0.04621 0.36906 0.60098 275 276 0.07717 0 0.92337
225 0 1 0.07196 0.02929 0 0.35299 0.04705 0.04931 0 108 35 0.07285 0 0.86719
226 0 1 0.00762 0.08765 0 0.00813 0.07805 0 0.62893 180 138 -0.34601 0 0.96549
227 1 0 0.05337 0.0027 1 0.16432 0.06349 0.01318 0 340 283 0.04689 0 0.75511
228 0 0 0.08078 0.07294 0 0.17032 0.03552 0.15895 0.32628 180 164 0.00034 0 0.84954
229 0 1 0.09565 0.00359 0 0.33002 0.074 0 0 316 179 -0.00242 0 0.84192
230 1 1 -0.11299 0.00276 1 0.07565 0.06972 0.06046 0.58574 263 153 0.22654 0 0.99257
231 0 1 0.13763 0.05452 0 0.15617 0.09958 0 0 194 156 -0.01196 0 0.75099
232 0 1 0.03153 0.00676 1 0.40678 0.1504 0.65797 0.45237 176 153 0.10701 0 0.85445
233 0 1 0.1026 0.05564 0 0.30558 0.10446 0 0.57036 202 179 0.29043 0 0.82784
234 1 1 -0.00016 0.07861 1 -0.10514 0.01652 0.10337 0.10906 200 118 -0.23265 0 0.979
235 0 1 0.03431 0.00065 0 0.07085 0.06005 0.27393 0.33863 174 163 0.15178 0 0.82155
236 1 0 -0.07359 0.0008 0 0.04829 -0.05328 0.16937 0.28765 213 159 -0.25566 0 1.006
237 0 0 -0.03818 0.02855 0 -0.02604 0.02797 0.06846 0 183 153 0.05648 0 0.9157
238 0 1 0.00011 0.00071 0 0.04036 0.02963 0.01165 0.49587 199 175 -0.04131 0 0.9754
239 0 1 0.2923 0.15801 0 0.27007 0.18572 0.00299 0 128 97 0.12399 0 0.59564
240 1 0 0.02387 0 1 -0.07231 0.04477 0.05113 0 199 138 -0.04573 0 0.7682
241 0 1 -0.02043 0.14697 0 0.22107 0.07656 0.10201 0 155 126 0.14039 0 0.9435
242 0 1 0.09165 0.2404 0 0.09907 0.12789 0 0 309 251 0.04219 0 0.88981
243 0 1 0.06405 0.00105 1 0.4615 0.1305 0.32041 0.27233 148 111 0.1916 0 0.90968
244 0 0 -0.07805 0 0 0.07107 -0.01396 0.21312 0 199 170 0.23604 0 0.6817
245 1 1 -0.02041 0.03388 1 0.11538 0.10097 0.4176 0 129 115 0.01861 0 0.93697
246 0 0 0.08381 0.14397 0 0.12125 0.01133 0 0 206 203 0.10224 0 0.87917
247 0 1 0.10781 0.10095 0 -0.05521 0.06074 0 0 302 179 0.01051 0 0.80201
248 0 0 -0.27042 0.00343 0 -0.06507 -0.06576 0.49013 0.7544 173 137 -0.02533 0 1.17
249 0 1 0.23199 0.00172 0 0.31111 0.12463 0.08293 0 181 171 0.04436 0 0.71084
250 0 1 -0.01675 0.09367 0 0.34908 0.03232 0 0 224 154 0.02784 0 0.35066
251 0 0 -0.11287 0.00387 0 0.01319 0.02575 0.67098 0.76419 183 147 0.0286 0 1.07661
252 0 0 -0.01592 0.09367 0 0.29792 -0.06113 0 0 300 78 0.10974 0 1.00291
253 0 0 0.01677 0.01735 0 0.1697 0.03967 0.19301 0.31767 181 101 0.03599 0 0.78761
254 1 1 0.02748 0.04957 0 -0.04415 0.10101 0.00873 0 361 130 -0.27472 0 0.9432
255 1 1 0.04303 0.00026 0 0.07439 0.10453 0.06023 0 213 157 0.12322 0 0.8923
256 1 0 -0.59497 8e-05 0 0.00939 0.0421 0.01029 0 296 182 0.06911 0 1.57588
257 1 0 -0.05141 0.00286 1 0.13112 -0.05342 0.50119 0 387 93 -0.81371 0 1.0189
258 1 1 0.05776 0.0076 1 0.36115 0.06395 0 0 152 143 -0.00947 0.05182 0.58125
259 0 0 -0.04863 0 0 0.03109 0.01572 0.10395 0.34567 279 256 -0.09126 0 0.9542
260 1 1 -0.14383 0.0963 0 0.00105 0.38474 0.24002 0 156 136 0.21899 0 0.84135
261 0 1 -0.00314 0.00671 0 -0.10005 0.05442 0.04948 0.27077 169 152 0.06972 0 0.8111
262 0 1 0.22337 0.02817 0 -0.39616 0.10234 0 0.09083 301 101 -0.48126 0 0.7538
263 0 1 0.15444 0.02639 0 0.23291 0.19195 0 0 159 136 0.12139 0 0.75639
264 0 1 0.04603 0.05959 0 -0.00355 0.05769 0.03113 0 118 99 -0.20272 0 0.7529
265 0 1 -0.03986 0.14672 0 0.21912 0.06937 0 0 175 153 0.10288 0 0.90278
266 0 1 0.03392 0.05008 1 0.02264 0.06071 0 0.48823 164 165 0.08971 0 0.58656
267 0 1 -0.02004 0 0 0.34152 0.04646 0.04933 0 146 94 -0.01659 0 0.88526
268 0 1 0.80496 0.84619 0 0.02089 4.97315 0 0 324 182 0.79243 0 0.10944
269 0 0 -0.01761 0.04565 0 0.33809 0.08074 0.21993 0.17104 178 152 -0.24766 0 0.9714
270 0 1 0.17507 0.00232 0 0.85913 0.24801 0 0 261 153 0.38145 0 0.10029
271 0 1 -0.03953 0.00332 0 -0.04536 0.05643 0 0.57959 253 172 0.07785 0 1.0037
272 0 1 0.08842 0.07517 0 -0.07375 0.05955 0 0.62274 209 203 -0.25592 0 0.7865
273 0 1 0.03078 0.02903 1 0.39887 0.06847 0.02465 0 227 152 0.07354 0 0.9349
274 0 0 0.00225 0.00089 0 0.38933 0.05404 0.00226 0 199 153 -0.15912 0 0.9611
275 1 0 -0.09293 0.03277 0 0.14264 -0.02687 0.13878 0 217 153 -0.10291 0 0.954
276 0 1 0.01845 0.17429 0 0.20974 0.09632 0 0 169 151 0.10434 0 0.93391
277 0 1 0.02184 0.12675 0 0.01018 0.1429 0 0 166 151 0.11433 0 0.83553
278 0 0 0.0003 0.00494 0 0.00161 7.07042 0 0 199 177 -0.9372 0.00716 0.8737
279 0 0 -0.00465 0.05329 0 -0.00307 0 0 0 203 138 -0.95136 0 0.951
280 0 1 0.12632 0.11436 0 0.05495 0.14839 6e-05 0.21723 150 115 0.24708 0 0.69154
281 0 0 -0.16157 0.00242 0 0.32523 0.16675 0 0 105 80 0.21505 0 0.3278
282 0 0 0.06213 0.06343 0 0.80899 0.08486 0.85245 0.22712 198 164 0.09482 0 0.86549
283 0 1 0.12913 0.009 1 0.07939 0.03386 0.0944 0 176 147 0.18103 0 0.83503
284 0 0 0.87051 0.19187 0 0.7587 -0.00936 0 0 194 171 -0.00772 0 0.029
285 0 0 0.70276 0.19414 0 0.55441 0.11729 0.03656 0 209 181 0.12352 0 0.15491
286 0 0 0.12385 0.28475 0 0.66128 0.09457 0 0 298 153 0.08216 0 0.41604
287 0 1 0.42816 0.45195 0 0.06426 0.96916 0 0.14489 81 74 0.41678 0 0.50811
288 0 0 0.37651 0.77591 0 0.07892 -0.48748 0.58784 0.48905 128 97 0.02623 0 0.46596
289 0 0 0.82049 0.01107 0 0.56954 -0.08371 0.08209 0.0229 178 166 -0.04797 0.53023 0.1284
290 0 1 0.46421 0.0754 0 0.1755 0.138 0.10861 0.37561 372 180 0.08893 0 0.47697
291 0 1 0.60097 0.17963 0 0.31021 0.04373 0 0 162 150 0.12413 0 0.30132
292 0 1 0.54547 0.02922 0 0.21668 0.10763 0 0 202 177 -0.02787 0 0.34885
293 0 1 0.41999 0.29378 0 0.20679 0.11761 0 0.60417 137 131 -0.12383 0 0.50386
294 0 1 0.1491 0.00079 0 0.09145 0.05897 0.43981 0.08738 283 278 -0.07651 0 0.75923
295 0 1 0.36043 0.0541 0 0.43384 0.0623 0.01185 0 158 130 0.05611 0 0.51066
296 0 0 0.13062 0 0 0.0588 -0.08082 0.0035 0.27617 215 157 0.07557 0 0.74132
297 0 1 0.29012 0.00273 0 0.35044 0.15195 0.14387 0.27494 170 148 0.18218 0 0.70088
298 0 1 0.27798 0.02249 0 0.14251 0.00138 0.16625 0.30659 184 64 0.00319 0 0.58831
299 0 0 0.13931 0.04477 1 0.35145 0.07188 0.20473 0 151 150 0.08909 0 0.79359
300 0 1 0.58758 0.33522 0 0.3668 0.12489 0 0 144 115 0.04985 0 0.32834
301 0 1 0.39391 0.37281 0 -0.16227 0.14817 0.00443 0.11259 137 124 0.03498 0 0.40162
302 0 0 0.21828 0.02156 0 0.3543 -0.20814 0.19076 0.63394 213 181 0.051 0 0.70411
303 0 1 0.07265 0.09388 0 0.35336 0.07938 0.37711 0 333 147 0.07995 0 0.73319
304 0 1 0.186 0.02664 0 0.27847 0.08375 0.03666 0.02838 132 101 0.08034 0 0.80956
305 0 1 0.38073 0.10385 0 0.38122 0.06426 0 0.15499 163 116 0.04686 0 0.53579
306 0 1 0.55013 0.17844 0 0.45337 0.01771 0 0.04538 195 134 0.00702 0 0.34942
307 0 1 0.38226 0.00704 1 0.54107 0.15717 0.32091 0 152 110 0.14568 0 0.54593
308 0 1 0.03413 0.04982 0 0.06555 0.05009 0 0 176 140 0.02168 0 0.80512
309 0 1 0.14308 0.01119 0 0.28448 0.08365 0.3183 0.70756 165 154 -0.11037 0 0.81285
310 0 1 -0.03856 0.01953 1 0.11873 0.05958 0.21162 0 178 130 0.01235 0 0.90542
311 0 1 0.21819 0.0637 0 0.27684 0.0608 0.03925 0.25233 177 167 -0.07233 0 0.76114
312 0 1 0.03579 0.01757 0 0.32625 0.05682 0.20807 0.35433 175 162 0.02906 0 0.85622
313 0 1 0.21219 0.00277 0 0.41127 0.15014 0.10379 0.21283 165 165 0.16528 0 0.60739
314 0 0 0.10229 0.00893 0 0.19984 0.08482 0.57508 0.67964 212 157 0.12011 0 0.85254
315 0 0 0.10773 0.01745 0 0.63759 0.0809 0.4976 0.51614 177 141 0.0792 0 0.80297
316 0 1 0.0842 0.00052 0 -0.19355 0.08538 0 0 186 159 0.05658 0 0.79413
317 0 0 0.39499 0.0203 0 -0.16892 -0.06077 0.01435 0.11126 162 158 -0.43235 0 0.574
318 0 1 0.02295 0.0388 0 0.19479 0.0449 0.06773 0.23307 225 147 -0.02107 0 0.70092
319 0 1 0.10542 0.01984 0 0.25105 0.00448 0.12679 0.29281 345 123 0.04142 0 0.85927
320 0 0 0.18147 0.06156 0 0.3884 0.06577 0 0 229 155 0.15015 0 0.5549
321 0 1 0.22895 0.03153 0 0.35129 0.09592 0.10663 0.1301 90 63 0.17982 0 0.76299
322 0 1 0.3241 0.05513 0 -0.03527 0.19286 0 0.81991 186 136 0.19557 0 0.58459
323 0 1 -0.0873 0.00068 0 0.23002 0.04968 0.16789 0.51211 194 156 0.11364 0 0.93488
324 0 0 -0.04886 0.0123 0 0.0353 0.07735 0.08467 0 119 96 0.30722 0 0.79481
325 0 1 0.15572 0.00016 0 0.18901 0.16082 0.31733 0.50422 202 170 0.20338 0 0.80061
326 0 1 0.20585 0.00033 1 0.26238 0.12945 0.07832 0.74054 164 154 0.11117 0 0.76686
327 0 1 0.29639 0.03488 0 0.32531 0.09428 0 0.24327 138 136 0.13793 0 0.6389
328 0 1 0.23793 0.08653 0 0.21237 0.12454 0 0.23952 186 163 -0.06431 0 0.70639
329 0 1 0.17045 0.0006 0 0.34924 0.20615 0.18773 0.01383 192 159 0.24609 0 0.75498
330 0 0 0.03917 0.00411 1 0.44762 0.01069 0.35626 0 185 159 0.07321 0 0.88147
331 0 1 0.14232 0.68423 0 -0.12408 1.12863 0 0 178 145 0.12734 0 0.28721
332 0 1 0.01774 0.01926 0 0.5875 0.01345 0.00536 0.18901 88 68 -0.12076 0 0.94091
333 0 0 -0.37787 0.0282 0 -0.12067 -0.05289 0.0818 0 139 131 -0.0598 0 1.15
334 0 1 0.00838 0.00158 0 -0.07695 0.06385 0 0.57437 195 167 -0.16902 0 0.9627
335 0 1 0.23782 0.05506 0 0.45562 0.02812 0 0 180 157 -0.05143 0 0.54071
336 0 1 0.13596 0.03287 0 0.19878 0.04763 0.05221 0 137 134 -0.06361 0 0.79069
337 0 1 0.33411 0.22203 0 0.31785 0.09747 0 0.34319 87 71 0.06627 0 0.65423
338 0 1 0.26704 0.43235 0 0.24147 0.5659 0 0 195 147 0.34122 0 0.26455
339 0 1 0.32887 0.13466 0 0.17068 0.05189 0.00559 0.51601 164 153 0.06524 0 0.61835
340 0 1 0.2948 0.12443 0 0.12422 0.12095 0 0 182 154 0.08035 0 0.51179
341 0 1 0.29248 0.00316 0 0.29651 0.07611 0.49917 0 165 153 0.10759 0 0.69808
342 0 1 0.13288 0.32573 0 0.02127 -0.05256 0.00106 0 158 130 0.0732 0 0.69918
343 0 0 -0.01468 0.03738 0 0.14645 -0.03568 0.33738 0.17139 234 164 -0.09991 0 0.903
344 0 1 0.18526 0.30417 0 0.26726 0.5165 0.07837 0.03367 159 131 0.40054 0 0.48817
345 0 1 0.42259 0.00015 0 0.16202 0.22244 0.02897 0.39852 213 173 0.12058 0 0.50039
346 0 1 -0.13348 0.07913 0 0.61074 0.10707 0.20918 0 138 137 0.12742 0 0.96728
347 0 0 0.11374 0.05696 1 0.03631 -0.04075 0.32333 0.24726 187 168 -0.03003 0 0.8486
348 0 0 -0.20051 0.0011 0 0.00621 -0.02687 0.09287 0 180 151 -0.02143 0 0.387
349 0 1 0.00319 0.01181 0 -0.13339 0.01812 0 0.62803 186 178 -0.32618 0 0.8688
350 0 1 0.08802 0.00037 0 0.2631 0.03348 0.2032 0.27391 166 140 0.01136 0 0.81121
351 0 1 0.10203 0.01064 0 0.11982 0.04593 0.01964 0 99 96 0.05333 0 0.86927
352 0 0 0.08604 0.01661 0 0.17918 0.02576 0 0 178 150 0.08146 0 0.81096
353 0 0 0.18067 0.10429 0 0.31457 0.0473 0 0 152 150 -0.3264 0 0.79623
354 0 1 0.36197 0.05499 0 0.11946 0.04751 0.29023 0 173 144 -0.14636 0 0.59734
355 0 1 -0.07903 0.0007 0 0.0045 0.0755 0.29461 0 193 174 -0.15996 0 0.7338
356 0 1 0.07954 0.02773 0 0.03562 0.00136 0.05535 0.37658 206 182 -0.20093 0 0.90915
357 0 1 0.18922 0.02639 0 0.41487 0.02707 0.11961 0.15249 163 157 0.00853 0 0.80482
358 0 1 0.04936 0.06366 0 0.46086 0.01113 0 0 110 82 0.4836 0.46038 0.74532
359 0 1 0.101 0.02991 0 0.11065 0.03199 0.08445 0.55474 288 150 0.06603 0 0.69154
360 0 1 0.26566 0.05873 0 0.1741 0.01127 0.00279 0.04952 137 129 0.05378 0 0.61944
361 0 1 0.08499 0.0073 0 0.55178 0.19501 0.5879 0.41572 235 142 0.01843 0 0.82318
362 0 1 0.1288 0.06237 0 0.231 0.10029 0.01646 0 214 153 0.08127 0 0.70476
363 0 1 0.0559 0.00041 0 0.42059 0.06515 0.20861 0 207 151 0.02521 0 0.90614
364 0 1 0.1689 0.07445 0 0.44518 0.18953 0.20646 0 159 157 0.22489 0 0.57364
365 0 0 0.06745 0.02462 0 -0.31483 0.09576 0 0 177 67 0.04151 0 0.87891
366 0 1 0.11999 0.06019 0 -0.06287 0.07987 0 0 173 171 -0.05716 0 0.728
367 0 1 0.05394 0.35676 0 0.43042 0.13493 0.3958 0 351 180 0.12831 0 0.50852
368 0 1 0.01841 0.04844 0 -0.03353 0.05251 0.21141 0.37471 316 117 0.20442 0 0.95097
369 0 1 0.15781 0.32543 0 -0.33474 0.07323 0 0.02268 175 109 -0.14768 0 0.8072
370 0 1 0.09625 0.01351 0 0.29282 0.10638 0.11535 0 162 160 0.15898 0 0.69198
371 0 1 0.21167 0.0694 0 0.06462 0.09687 0 0.28448 195 170 -0.08105 0 0.71122
372 0 1 0.01012 0.06461 0 -0.02067 0.05595 0.02049 0.51487 338 240 0.06038 0 0.74229
373 0 0 0.22012 0.00368 0 0.34535 0.06154 0.44245 0.15172 179 154 0.09059 0 0.69145
374 0 1 0.23497 0.00689 0 0.40766 0.11036 0.24062 0 180 153 0.11826 0 0.75285
375 0 1 0.04262 0.20744 0 -0.02879 0.04367 0 0 175 151 0.04831 0 0.6672
376 0 1 0.02042 0.10738 1 -0.10306 0.0601 0.20532 0.78029 218 182 -0.18546 0 0.8738
377 0 1 -0.13122 0.04109 1 -0.08379 0.12846 0 0.49834 180 153 0.23349 0 0.9643
378 0 0 0.03244 0.09431 0 0.80648 0.12744 0.40586 0 193 163 0.1418 0 0.13374
379 0 1 0.23318 0.0019 0 0.47109 0.07005 0.34891 0 178 137 0.07145 0 0.61872
380 0 1 -0.11247 0.00052 0 0.11865 0.0846 0.16576 0.25151 228 169 0.14148 0 0.85469
381 0 1 0.28715 0.27119 0 0.08468 0.32196 0 0.15511 186 132 0.21243 0 0.67826
382 0 1 0.07433 0.00258 0 0.47557 0.15572 0.15832 0 116 89 0.15038 0 0.87133
383 0 1 -0.00578 0.0217 0 0.03681 0.0575 0.24255 0.67728 202 133 0.15786 0 0.9617
384 0 0 0.06471 0.00965 0 0.08413 0.00589 0.00542 0.25147 209 182 -0.13787 0 0.86749
385 0 0 -0.09266 0.16084 0 0.83916 -0.01667 0 0 371 153 -0.01399 0 0
386 0 1 0.00882 0.09109 0 0.09574 0.19935 0 0.50696 215 167 0.27204 0 0.87257
387 0 0 0.01394 0.01645 0 0.17422 0.06303 0.06728 0.4227 158 134 -0.04389 0 0.8294
388 0 1 0.0359 0.04135 0 0.2648 0.06781 0.14819 0.53284 159 142 -0.06145 0 0.88849
389 0 0 -0.36411 0.00624 0 0.35161 -0.26905 0.1304 0 195 174 -0.33473 0 1.183
390 0 0 0.0006 4e-05 0 0.03201 0.05864 0.25223 0.98509 101 73 0.16035 0 0.87963
391 0 1 0.10187 0.01787 0 -0.06155 0.11587 0.02811 0.8337 165 156 0.02528 0 0.77769
392 0 0 -0.00092 0.135 0 0.70999 0.09552 0.58044 0.0164 378 151 0.04603 0 0.64875
393 0 1 0.14333 0.0711 0 0.10195 0.13282 0.01482 0.21975 143 133 0.03789 0 0.75415
394 0 0 -0.00802 4e-05 0 -0.16629 0.02238 0 0.64534 323 293 -0.7072 0 0.981
395 0 0 -0.04226 0.00787 0 0.16101 0.04471 0.43324 0 171 129 0.07945 0 0.84952
396 0 0 -0.02534 0.0094 0 0.08301 0.02917 0.01437 0.64718 250 148 0.04927 0 0.76414
397 0 1 0.0321 0 0 0.26536 0.06568 0.14212 0 186 183 0.09085 0 0.90262
398 0 1 0.04767 0.02659 0 -0.13444 0.08268 0 0 226 157 0.18812 0 0.73308
399 0 0 -0.02484 0 0 0.21827 -0.01509 0.20598 0 150 122 -0.48582 0.00997 0.829
400 0 0 -0.03664 0.07876 0 0.0522 0.01162 0 0.34251 146 131 -0.16669 0 0.9857
401 0 1 0.12889 0.14221 0 0.34039 0.08634 0 0.78004 188 180 -0.22461 0 0.31777
402 0 0 -0.00425 0.14204 0 -0.05082 -0.01522 0 0 201 172 -0.8161 0 0.09
403 0 1 0.03965 0.02227 0 -0.09806 0.06923 0 0.6915 165 118 -0.86621 0 0.8153
404 0 0 -0.04057 0.00484 0 0.26528 0.01821 0.58095 0.0861 198 166 -0.39283 0 0.8623
405 0 1 0.00197 0.02259 0 0.46273 0.05631 0 0 176 147 -0.30229 0.00685 0.46317
406 0 1 0.00906 0.00823 0 0.03594 0.02401 0.1288 0 234 145 -0.75747 0 0.73477
407 0 1 0.03586 0.0778 0 0.14998 0.12464 0 0.52125 158 153 -0.22926 0 0.87524
408 0 0 -0.61948 0.32289 0 0.04333 -0.99051 0 0.50527 172 144 -1.18216 0 0.778
409 0 1 0.16021 0.37354 0 -0.29645 0.03812 4e-05 0 263 166 -0.19049 0 0.7482
410 0 1 0.17768 0.01428 0 0.47336 0.1781 0.35738 0 221 180 0.1545 0 0.69745
411 0 1 0.15684 0.04851 1 0.22644 0.06327 0.06514 0 192 117 0.10314 0 0.64324
412 0 1 0.18546 0.08193 0 0.08493 0.0348 0.07967 0.1251 198 139 -0.00344 0 0.54933
413 0 1 0.24388 0.0005 0 0.49218 0.10416 0.31301 0.4011 218 172 0.08109 0 0.71285
414 0 1 0.11989 0.00825 0 0.59691 0.12426 0.10124 0 324 274 0.10648 0 0.85142
415 0 1 0.16616 0.13058 0 0.49969 0.04084 0 0 156 124 0.06086 0 0.28959
416 0 1 0.31854 0.09411 0 0.44176 0.04448 0.19572 0 191 152 0.07178 0 0.57489
417 0 0 0.46582 0.05851 0 0.38365 0.04237 0.08762 0 131 128 0.0711 0 0.50646
418 0 0 -0.16833 0.00422 0 0.52191 0.02102 0.64082 0 201 155 0.08597 0 0.8232
419 0 1 0.10406 0.29154 0 -0.23296 0.00313 0 0.17105 345 309 -0.11642 0 0.8235
420 0 0 0.48522 0.0367 0 0.24887 0.01949 0 0.26139 159 149 0.0826 0.03761 0.48555
421 0 0 0.06163 0.05109 0 0.25694 0.04398 0.10229 0 124 118 -0.15113 0 0.79124
422 0 0 0.23621 0.01528 0 0.53162 0.18325 0.0683 0 109 95 0.22655 0 0.71366
423 0 1 0.15269 0.04508 0 -0.18136 0.02717 0 0.37662 97 40 0.07291 0 0.72636
424 0 1 0.09183 0.00245 0 0.46905 0.08411 0.30372 0.24913 163 158 0.06917 0 0.88335
425 0 1 0.15302 0.00928 0 0.2464 0.07068 0.01902 0 169 128 -0.00606 0 0.75296
426 0 0 0.38639 0.13307 0 0.34168 0.15394 0 0 192 163 0.23719 0 0.41063
427 0 0 0.18927 0.01551 0 0.16484 0.02935 0.13953 0.19973 192 165 0.03637 0 0.74289
428 0 1 0.07026 0.14763 0 0.18615 0.01414 0 0 172 137 -0.50803 0 0.68408
429 0 1 0.12461 0.22441 0 0.4562 0.19237 0.63213 0 178 176 0.14325 0 0.8328
430 0 1 0.32767 0.008 0 0.52356 0.08708 0.24995 0 171 156 0.07444 0 0.6034
431 0 1 0.36955 0.7012 0 -0.39275 0.13476 0 0 157 125 0.22318 0 0.5723
432 0 1 0.0742 0.00879 0 0.58613 0.0692 0.42896 0 206 180 0.06731 0 0.90562
433 0 1 0.07829 0.00039 0 0.18059 0.04942 0.20141 0.00139 178 153 -0.01579 0.13405 0.84952
434 0 0 0.42434 0.04218 0 0.56683 0.07644 0 0 185 146 0.1177 0 0.36193
435 0 1 0.07936 0.03705 0 0.48681 0.05091 0.02136 0 198 147 0.02145 0 0.49705
436 0 1 0.1273 0.00544 0 0.45891 0.03516 0.17788 0.14693 190 190 0.04668 0 0.83329
437 0 1 0.04626 0.05189 0 0.19992 0.05471 0.0959 0.43221 93 88 0.14952 0 0.82076
438 0 0 0.12505 0.05459 0 0.07319 -0.04778 0 0.10363 178 140 0.0132 0 0.64738
439 0 1 0.09022 0.09089 0 -0.78186 0.67755 0.03541 0.04329 175 147 0.02325 0 0.85264
440 0 0 0.18061 0.00145 0 0.58908 -0.0745 0.17649 0 372 335 0.0368 0 0.47226
441 0 1 0.10249 0.51525 0 0.12239 0.01364 0.04966 0 144 128 0.07469 0 0.17282
442 0 0 0.03946 0.09296 0 -0.09779 0.02594 0 0 281 128 0.01101 0.00627 0.91302
443 0 1 0.23167 0 0 0.24853 0.16769 0.07782 0.06282 171 140 0.18368 0 0.71932
444 0 0 -0.03316 0.04725 0 0.30518 -0.09293 0 0.69564 186 167 -0.08727 0 0.64
445 0 1 0.06116 0.06994 0 0.18141 0.06816 0.30389 0 275 128 0.09161 0 0.77725
446 0 1 0.44771 0.14087 0 0.31634 0.06445 0 0.2285 190 153 0.01595 0 0.43531
447 0 1 0.34636 2e-05 0 0.18788 0.16229 0.10003 0.36953 221 153 0.04594 0 0.62173
448 0 0 0.26185 0.14276 0 0.33505 -0.03148 0 0.28519 150 103 0.05294 0 0.38294
449 0 1 0.10381 0.08506 0 0.28156 0.10805 0.00925 0.37601 152 128 0.13943 0.20162 0.66987
450 0 0 0.02746 0.01494 0 0.41778 0.02028 0.32884 0.35263 178 177 0.00514 0 0.86168
451 0 1 0.25221 0.3134 0 0.16499 0.03803 0 0 233 162 0.04619 0 0.72937
452 0 0 0.27579 0.0875 1 -0.08985 0.01017 0.00784 0.22622 284 135 0.04161 0 0.70219
453 0 1 0.64564 0.42808 0 0.13616 0.10903 0 0.16834 193 181 0.13292 0 0.20432
454 0 0 0.0879 0.01102 0 0.3362 -0.17491 0.32135 0.37316 219 159 -0.05653 0 0.9042
455 0 1 0.01754 0.0043 0 0.35473 0.03108 0.21546 0 194 144 0.11093 0 0.88064
456 0 0 0.23411 0.24871 0 -0.03163 -0.01273 0 0 172 147 -0.02556 0 0.722
457 0 1 0.22071 0.01038 0 0.48138 0.16563 0 0.70939 186 147 0.20208 0 0.58819
458 0 1 0.16997 0.00627 0 0.45097 0.07032 0.15917 0 183 156 0.2388 0 0.51092
459 0 1 0.35257 0.07244 0 0.11093 0.18511 0 0.4741 179 151 0.17983 0 0.60221
460 0 0 -0.25445 0.02352 0 0.24031 -0.02915 0 0 358 126 -0.0159 0 0.361
461 0 1 0.14428 0.06531 0 0.15425 0.03061 0.00638 0.24499 265 123 0.09021 0 0.77759
462 0 1 0.61171 0.15028 0 0.48832 0.37388 0 0 169 153 0.17697 0 0.23959
463 0 1 0.32443 0.04184 0 0.30883 0.21601 0.18926 0.05 314 151 0.25761 0 0.49581
464 0 1 0.07215 0.06961 0 0.23462 0.07302 0 0.20168 192 153 0.11082 0 0.68131
465 0 1 0.24852 0.0127 0 0.31771 0.19564 0.08452 0 129 100 0.33934 0 0.65699
466 0 1 0.11483 0 0 0.16058 0.08108 0.30459 0.63463 148 107 -0.01513 0 0.73698
467 0 1 -0.29149 0.00904 0 -0.04828 0.08149 0.36502 0.15134 303 153 0.18525 0 1.2203
468 0 0 0.0313 0.04996 0 0.39281 -0.04579 0.61343 0.69969 205 163 -0.03693 0 0.3538
469 0 1 0.07509 0.01325 0 0.06306 0.06052 0 0.34238 253 156 0.04265 0 0.81023
470 0 1 0.08163 0.23526 0 0.3122 0.13133 0.00873 0 169 147 0.11055 0 0.85332
471 0 0 0.05449 0.05106 0 0.31366 0.01751 0 0 176 155 -0.08349 0 0.49612
472 0 1 0.19782 0.01849 0 0.56135 0.25092 0.77377 0 208 178 0.13421 0 0.73466
473 0 1 0.12971 0.34447 0 0.06415 0.09894 0 0 183 153 0.26595 0 0.72977
474 0 0 0.09801 0.07695 0 0.03136 0.04714 0.00449 0.32461 284 244 -0.0555 0 0.78564
475 0 1 0.07606 0.00053 0 0.13749 0.04875 0.09761 0.4006 172 170 -0.08284 0 0.88078
476 0 0 -0.15271 0.01501 0 0.0972 -0.03819 0.12022 0.54085 228 226 -0.46113 0 0.748
477 0 1 0.14146 0.18096 0 0.44256 0.1882 0 0 204 163 0.13743 0 0.34677
478 0 0 -0.04333 0.0028 0 0.70887 0.01964 0.03399 0.09778 185 169 0.01805 0 0.46323
479 0 1 0.34887 0.09248 0 0.13105 0.20079 0.07399 0.24053 201 172 0.03376 0 0.63492
480 0 1 0.0758 0.02459 0 0.07997 0.06142 0 0.76807 304 274 0.02685 0 0.90585
481 0 0 0.176 0.00266 0 0.80803 0.09035 0.73555 0.73555 365 243 0.11041 0 0.69091
482 0 1 0.00425 0.21693 0 -0.16818 0.06715 0.00024 0 170 167 0.05638 0.06656 0.88285
483 0 0 0.15575 0.04221 0 0.28276 0.03831 0 0.3792 183 142 0.03814 0 0.78286
484 0 0 0.0499 0.01547 0 0.2395 0.026 0.02879 0.24557 208 139 -0.16903 0 0.71533
485 0 0 0.10373 0.00181 0 0.16315 0.03611 0.09166 0 177 153 0.00688 0 0.83406
486 0 1 0.18435 0.46041 0 -0.23284 0.12302 0 0 194 132 0.14462 0 0.74752
487 0 1 0.11502 0.41945 0 -0.13813 1.26173 0.11429 0 116 89 1.1638 0 0.46177
488 0 1 0.2771 0.05633 0 0.11283 0.23517 0.05785 0.40965 303 147 0.22974 0 0.68463
489 0 0 0.03879 0.2118 0 0.246 -0.01256 0.01928 0.56287 135 129 -0.00182 0 0.5362
490 0 1 0.37665 0.36364 0 0.08239 0.41276 0.17125 0 200 153 0.28994 0 0.48656
491 0 1 -0.56369 0.00493 0 0.89431 -0.03603 0 0 343 150 0.5136 0 0.8831
492 0 1 0.2704 0.20408 0 -0.08158 0.14717 0 0.2112 272 213 0.08536 0 0.61163
493 0 1 0.20089 0.07424 0 0.17038 0.02982 0.0884 0.33774 183 153 0.07758 0 0.68782
494 0 1 0.13838 0.12505 0 -0.01447 0.0323 0 0.18195 143 119 0.06368 0 0.82738
495 0 1 0.06563 0.00014 0 0.25879 0.10497 0.25681 0 211 169 -0.13517 0 0.84805
496 0 0 -0.35032 0.00104 0 0.22839 -0.14127 0.20672 0.49052 177 156 0.16631 0.17111 0.7026
497 0 0 0.01417 0.00372 0 0.02945 0.01414 0.19872 0 200 168 -0.02898 0 0.84439
498 0 1 0.08247 0.15945 0 0.04432 0.31333 0.06656 0.52926 186 171 0.1475 0 0.87544
499 0 0 0.00211 0.00668 0 0.18536 0.04769 0.25309 0.35863 181 171 0.06799 0 0.93349
500 0 1 0.10967 0.06801 0 0.63406 0.12047 0.00213 0.16771 211 153 0.14704 0 0.86473
501 0 1 0.01826 0.04789 0 0.06551 0.09432 0.03593 0 183 153 -0.0114 0 0.8735
502 0 1 0.10578 0.09446 0 0.39881 0.13406 0.01761 0.60636 283 175 0.18275 0 0.86113
503 0 1 0.09548 0.09659 0 0.46385 0.09712 0.09372 0.40515 161 137 0.05985 0 0.69021
504 0 1 0.02397 0.05593 0 0.10724 0.10189 0 0.30108 235 176 0.20472 0 0.36993
505 0 0 -0.1806 0.22608 0 0.2415 -0.17588 0 0.54727 184 122 -0.13276 0 0.524
506 0 0 -0.01123 0.00184 0 0.02174 0.04221 0.54671 0 183 124 0.03021 0 0.76586
507 0 1 0.06594 0.01064 0 0.1264 0.0936 0.17537 0 142 116 -0.00197 0 0.56744
508 0 0 -0.01767 0.00283 1 0.01012 0.03653 0.00317 0 179 166 -0.0523 0 0.9999
509 0 1 0.02798 0.01359 0 0.23437 0.09549 0.11243 0.31611 199 171 0.13218 0 0.79085
510 0 1 0.02301 0.13427 0 -0.06762 0.03307 0.00273 0 199 169 -0.27017 0 0.9186
511 0 1 0.13216 0.06483 0 -0.08901 0.16679 0 0.4238 159 155 -0.05585 0 0.6826
512 0 0 0.0118 0.0066 0 0.254 0.04849 0.15912 0.2533 156 132 0.04092 0 0.90571
513 0 0 -0.1343 0.00688 0 0.52902 -0.02211 0.33218 0.32903 234 159 0.047 0 0.8467
514 0 1 0.06043 0.13796 0 0.16442 0.11928 0.1308 0.29121 264 146 0.11318 0 0.64091
515 0 1 0.06283 0.22502 0 -0.019 0.09253 0 0 258 167 -0.25021 0 0.7376
516 0 0 -0.00515 0.03104 0 -0.23581 0.03812 0.00802 0 205 157 0.13257 0 0.7379
517 0 0 -0.02778 0.10243 0 -0.03557 -0.03301 0 0 115 84 0.34092 0 0.9416
518 0 0 -0.1473 0.00396 0 0.17868 -0.10132 0.63929 0.44017 191 143 -0.06479 0.00562 0.347
519 0 0 0.00085 0.06787 1 0.17935 0.0238 0 0.22401 205 181 -0.37481 0 0.7633
520 0 0 -0.19262 0.00097 0 0.0941 -0.04491 0.30401 0 214 153 0.03435 0 0.8044
521 0 0 0.0142 0.34308 0 0.31704 -0.01968 0.36398 0.31456 260 232 -0.02138 0 0.5012
522 0 1 -0.00402 0.01087 0 -0.2503 0.10749 0.3538 0 262 233 -0.48129 0 0.903
523 0 1 0.15952 0.0004 0 0.62325 0.14925 0.05485 0 183 155 0.18969 0 0.40619
524 0 1 0.0087 0.22977 0 0.03853 0.06202 0 0 165 155 0.19692 0 0.82908
525 0 0 -0.06159 0.10844 0 0.27696 -0.06418 0.17197 0 177 159 -0.49345 0 0.606
526 0 0 -0.00436 0.0016 0 0.03731 0.04466 0 0.93699 358 143 -0.45186 0 0.9637
527 0 0 0.00058 0.18035 0 -0.19951 0.07516 0 0.60679 212 178 -0.19669 0 0.8535
528 0 1 0.06012 0.03904 0 0.10347 0.17347 0 0 170 125 -0.58709 0 0.22135
529 0 0 -0.02897 5e-05 0 0.13014 -0.01412 0 0.99773 185 163 -0.85447 0 0.58
530 0 0 0 0.02717 0 -0.14785 -0.16639 0.19821 0 277 249 -1.07272 0 0.918
531 0 0 -0.01987 0.00622 0 0.04831 0.00186 0.04195 0.07686 218 160 -0.16384 0 0.7959
532 0 1 0.10481 0.06892 0 -0.00022 0.2478 0 0.91672 183 177 -0.52064 0 0.7574
533 0 0 -0.06717 0.04198 0 0.94039 -0.07011 0 0 186 143 -0.06717 0 0.017
534 0 1 0.00329 0.08102 1 -0.02173 0.03098 0 0.17897 208 180 -0.79144 0.00855 0.6249
535 0 0 -0.00403 0 0 -0.00465 -0.01622 0 0 165 100 -0.99298 0 0
536 0 1 0.02428 0.00908 0 0.0613 0.06302 0.01223 0.75389 187 153 -0.65086 0 0.88773
537 0 1 0.07959 0.00126 1 0.44224 0.11185 0.14442 0 183 155 0.04906 0 0.78004
538 0 0 0.62769 0.0208 0 0.75281 -0.03484 0 0 185 134 0.07799 0 0.13834
539 0 1 0.32083 0.15857 0 0.16521 0.07965 0 0.35252 180 129 0.07816 0 0.62979
540 0 1 -0.09859 0.01635 1 0.23571 0.19639 0.00285 0 127 98 0.21948 0 0.75666
541 0 0 0.05369 0.00176 0 0.25908 -0.11958 0.15146 0.55169 240 92 0.00852 0.02728 0.90008
542 0 0 0.03963 0.01832 1 0.27672 0.08103 0.50279 0.35086 195 182 -0.03264 0 0.85748
543 0 0 -0.01611 0.03294 1 0.06593 0.02162 0.02257 0.70343 188 143 -0.21254 0 0.9334
544 0 1 0.03888 0.00729 0 -0.03424 0.05699 0 0 135 121 0.12842 0 0.92561
545 0 0 0.26979 0.0059 0 -0.01673 -0.01199 0 0.64171 106 82 -0.10806 0 0.6003
546 0 0 0.01473 0.11231 0 -0.12259 0.03103 0 0 330 261 0.1406 0 0.88666
547 0 1 -0.15029 0.10036 1 -0.09517 0.07987 0.34399 0.45182 146 36 0.09897 0 1.1342
548 0 0 -0.26331 0.10707 0 -0.03482 -0.30469 0.27921 0 260 237 0.17298 0 1.127
549 0 1 0.33947 0.01668 0 0.35878 0.11289 0.1615 0.32434 168 164 0.1883 0 0.58953
550 0 0 -0.12717 0.07787 0 -0.18266 -0.27464 0.12797 0.31785 289 106 -0.37875 0 1.11
551 0 0 -0.00128 0.02165 0 -0.09474 -0.07109 0.04619 0.39623 247 181 -0.57666 0 0.97
552 0 0 -0.02323 0.00488 0 0.87156 0.06925 0.7449 0 222 203 0.10335 0 0.82968
553 0 1 0.18449 0.1188 0 0.53631 0.22957 0.12461 0 175 140 0.22214 0 0.6218
554 0 1 0.50724 0.16133 0 0.49313 0.08291 0 0 206 182 0.0881 0 0.31067
555 0 0 0.24613 0.05439 0 0.4295 0.01759 0.43611 0.57033 125 119 0.00971 0.04717 0.73189
556 0 0 -0.07139 0.00039 0 0.88139 0.04062 0.30987 0 199 126 0.06848 0 1.02933
557 0 1 0.02046 0.17666 0 0.13537 0.03475 0 0 140 99 -0.04675 0 0.66433
558 0 0 -0.21618 0.0914 0 0.01529 -0.25396 9e-05 0.52979 180 151 -0.10152 0 1.035
559 0 0 0.33159 0.06295 0 0.58672 0.0818 0.29001 0 142 75 0.09135 0 0.65022
560 0 1 0.13068 0.13837 0 0.23477 0.05103 0 0 103 88 -0.19046 0 0.8518
561 0 0 0.75862 0.37332 0 0.43107 -0.14774 0 0 180 160 -0.06445 0 0.1579
562 0 0 0.15304 0.03646 0 0.42836 0.05968 0.29439 0.07921 152 138 0.05297 0 0.7244
563 0 0 0.18954 0.00714 0 -0.02511 -0.00029 0.14274 0 135 126 0.1139 0 0.7721
564 0 1 0.29413 0.13216 0 0.42039 0.12889 0 0 93 92 0.16326 0 0.59804
565 0 1 0.12002 0.00629 0 0.01305 0.07181 0.15403 0 146 147 -0.17411 0 0.85323
566 0 1 0.24337 0.1002 0 0.26285 0.08529 0.03816 0 257 190 0.01565 0 0.70873
567 0 0 0.03574 0.00465 0 0.18517 0.03404 0.55741 0 160 151 0.02759 0 0.8208
568 0 1 0.39835 0.02744 0 0.11759 0.16113 0.09872 0.32685 211 173 0.23857 0 0.53257
569 0 1 0.00757 0.11204 0 -0.36193 0.06622 0 0 212 143 -0.03177 0 0.9595
570 0 0 0.00655 0.04021 1 0.26981 0.01282 0.07179 0.00527 239 212 0.08989 0 0.97176
571 0 1 0.61304 0.24769 0 0.45418 0.12461 0 0 204 165 0.0927 0 0.30055
572 0 0 0.42989 0.01043 0 0.42335 0.02731 0.26942 0.40102 173 161 -0.05786 0 0.47691
573 0 1 0.21109 0.00345 0 0.66532 0.06151 0.25464 0.25464 132 121 0.06845 0 0.76315
574 0 0 0.03899 0.0044 0 0.46529 0.0664 0.28699 0.39915 176 154 0.0674 0 0.89546
575 0 1 0.23449 0.0782 0 0.24835 0.11109 0.00012 0 190 158 0.21859 0 0.73237
576 0 1 0.18296 0.00114 0 0.26094 -0.07722 0.22627 0 180 153 0.15027 0 0.78868
577 0 0 0.05405 0.04619 0 0.04517 -0.09219 0.35492 0.52957 204 131 -0.07673 0 0.8956
578 0 1 0.23776 0.1153 0 0.39282 0.11683 0.18402 0 184 148 0.10835 0 0.48066
579 0 1 0.24879 0.00102 0 0.17895 0.03768 0.08605 0.32977 162 137 -0.01292 0 0.6655
580 0 0 0.04404 0.0285 0 0.429 0.07626 0.64314 0.23292 245 133 0.11919 0 0.88779
581 0 0 -0.02785 0.00363 0 0.32359 0.08579 0.27637 0.32125 179 125 0.12325 0 0.85765
582 0 1 0.34619 0.07155 0 0.14603 0.11694 0.03135 0.4328 197 181 0.03306 0 0.5651
583 0 1 0.23464 0.10532 0 0.14164 0.22855 0 0 355 333 0.21839 0 0.72952
584 0 0 0.24678 0.01169 0 0.77909 0.02854 0.2073 0.08349 175 167 0.07811 0 0.57934
585 0 0 -0.11794 0.00346 0 0.26571 -0.01385 0.17946 0.25211 175 147 -0.10305 0 0.815
586 0 1 0.43088 0.01278 0 0.50503 0.10712 0.09704 0 169 167 0.16062 0 0.53268
587 0 1 0.17582 0.01809 0 0.34015 0.05199 0.0457 0 185 153 0.06338 0 0.76975
588 0 0 0.46031 0.06507 0 -0.02454 0.02794 0 0 168 152 0.13094 0 0.48619
589 0 0 0.08917 0.01009 0 0.12366 0.00103 0.13324 0 184 153 0.06713 0 0.86282
590 0 1 0.11327 0.01588 0 0.25621 0.06539 0.398 0.27637 272 178 0.07008 0 0.69813
591 0 1 0.30925 0.01475 0 0.29176 0.08281 0 0.28076 161 128 0.11215 0 0.5732
592 0 1 0.2377 0.02918 0 -0.15642 0.09163 0.28394 0.31268 245 153 -0.19604 0 0.6647
593 0 1 0.15642 0.09111 0 0.38439 0.11218 0 0.41524 216 182 0.12478 0 0.67551
594 0 1 0.26816 0.14558 0 0.1683 0.26854 0.01651 0 209 182 0.25644 0 0.71217
595 0 0 -0.0071 0.00188 0 0.15549 0.04081 0.08921 0 180 152 0.09259 0 0.87288
596 0 1 0.08992 0.06785 0 0.10074 0.08343 0.13865 0 181 160 0.08345 0 0.85253
597 0 1 0.53145 0.33674 0 0.07801 0.16526 0 0 179 173 0.07469 0 0.32588
598 0 1 0.08919 0.06045 0 -0.04064 0.03683 0 0.09805 184 132 -0.10894 0 0.8944
599 0 1 0.39925 0.08141 0 0.42142 0.22304 0 0.31505 155 137 0.23261 0 0.56459
600 0 1 0.55647 0.29243 0 0.09143 0.0821 0 0.36778 173 126 0.03362 0 0.41403
601 0 1 0.23575 0.02123 0 0.60966 0.14049 0 0.4591 181 115 0.33236 0 0.54888
602 0 1 0.07227 0.12012 0 0.66727 0.16633 0.73963 0 190 120 0.23043 0 0.77738
603 0 1 0.72917 0.55073 1 0.20218 0.61681 0.61176 0 170 171 0.23169 0 0.22726
604 0 0 0.24983 0.16751 0 0.19076 0.04218 0.06985 0.68997 86 67 -0.01962 0 0.54032
605 0 0 0.46709 0.08436 0 0.14336 0.00619 0 0.09471 167 153 0.05941 0 0.44082
606 0 0 -0.03186 0.05387 0 0.24636 0.05843 0.24712 0.35077 197 167 -0.05188 0 0.9296
607 0 1 0.43053 0.16939 0 0.08383 0.09053 0 0.1812 176 130 0.03668 0 0.39178
608 0 1 0.07334 0.02462 0 -0.0153 0.04697 0 0 272 185 0.04469 0 0.81662
609 0 1 0.03913 0.04401 0 0.12161 0.08279 0 0 314 178 0.2584 0 0.87958
610 0 0 -0.19553 0.00723 0 0.07079 0.06818 0.14326 0.61016 357 167 0.02588 0 0.786
611 0 1 0.2674 0.01155 0 -0.00657 0.04619 0.19463 0.18176 308 284 -0.1855 0 0.6912
612 0 0 0.12511 0.00129 0 0.21023 0.05412 0.18922 0.33568 292 145 0.06512 0 0.85633
613 0 1 0.23142 0.02628 0 0.38921 0.08448 0.18042 0 289 165 -0.08014 0 0.69028
614 0 0 -0.0126 0.02077 0 0.40982 -0.07624 0.46032 0 231 165 -0.01841 0 0.834
615 0 1 0.14885 0.03054 0 0.16144 0.1285 0.16357 0.58157 272 152 0.16038 0 0.76148
616 0 0 0.36934 0.00041 0 0.61292 0.04518 0.29953 0 258 158 0.05701 0 0.56705
617 0 0 0.62448 0.2027 0 0.39423 -0.02842 0 0 129 95 0.11534 0 0.3025
618 0 0 -0.43653 0.11534 0 -0.02263 0.00844 0 0 281 151 -0.04581 0 0.332
619 0 1 0.26917 0.00016 1 0.55952 0.07421 0.33539 0 174 147 0.07441 0 0.71017
620 0 1 0.46229 0.12407 0 0.25146 0.11245 0 0 209 151 0.10919 0 0.4358
621 0 1 0.15485 0.14368 0 -0.2145 0.09919 0.00481 0 285 133 -0.07292 0 0.8312
622 0 0 0.40361 0.02342 0 0.57132 -0.04439 0 0.23954 341 151 -0.01863 0 0.3089
623 0 0 0.57672 0.00197 0 0.16583 0.03504 0.03622 0 268 263 0.1883 0 0.36216
624 0 1 0.17976 0.15535 0 -0.13586 0.05703 0.06807 0 181 165 -0.06258 0 0.8011
625 0 0 0.15806 0 0 0.08589 -0.00837 0.1879 0.69712 183 95 -0.02835 0 0.7965
626 0 1 0.23163 0.06369 0 0.07056 0.14984 0.04937 0.52612 155 130 0.13018 0 0.73225
627 0 0 -0.04095 0.02365 0 0.31306 0.0411 0.25619 0.51108 232 152 -0.06259 0 0.7381
628 0 1 0.41758 0.06449 0 0.14243 0.19967 0 0 188 153 -0.13582 0 0.40846
629 0 0 -0.04997 0.03297 0 0.69595 0.00497 0.94606 0 185 158 -0.09202 0 0.9817
630 0 1 0.41325 0.01655 1 0.57893 0.10073 0 0 177 152 -0.0819 0 0.56096
631 0 1 0.70592 0.29558 0 0.39936 0.06672 0 0.00101 119 105 0.10809 0 0.2444
632 0 0 0.20398 0.03002 0 0.23234 0.03364 0.07556 0 195 156 0.09098 0 0.72448
633 0 0 0.2124 0.00784 0 -0.03461 0.02204 0.04772 0 195 152 -0.69366 0 0.7778
634 0 0 0.01223 0.00041 0 0.17174 -0.04676 0.46301 0 183 175 -0.02227 0 0.9567
635 0 0 0.04739 0.01182 0 0.08811 0.06338 0.15924 0 160 127 0.09458 0 0.8756
636 0 1 0.13337 0.0336 0 0.27596 0.14853 0.10903 0 172 139 0.21894 0 0.80125
637 0 1 0.10747 0.04992 0 0.1965 0.02351 0.15663 0 170 137 0.03581 0 0.86841
638 0 0 -0.23433 0.00021 0 0.10438 0.31997 0.07083 0 252 161 0.05562 0 1.19505
639 0 1 0.31178 0.09342 0 0.73854 0.14858 0.52764 0 343 124 0.13753 0 0.50566
640 0 0 0.10324 0.08156 0 0.03915 0.05403 0.18246 0 215 182 -0.27715 0 0.77552
641 0 0 0.12777 0.01387 0 0.39306 0.0549 0.14059 0 222 206 0.07389 0 0.80747
642 0 1 0.0688 0.02407 1 -0.14924 0.09659 0.05022 0 251 153 -0.20082 0 0.7646
643 0 1 0.24608 0.00189 0 0.29383 0.32229 0.10033 0 177 152 0.30194 0 0.68787
644 0 1 0.45003 0.00888 0 0.54368 0.10237 0.11344 0.32479 194 153 0.20659 0 0.5044
645 0 0 0.06844 0.01755 0 -0.09048 0.05212 0.1207 0 180 152 0.14669 0 0.79219
646 0 0 -0.00417 0.15495 1 0.04599 0.07232 0 0.86004 211 148 0.2143 0 0.96651
647 0 0 0.19376 0.00315 0 0.1663 0.05016 0.14848 0.68091 176 151 0.04331 0 0.75532
648 0 0 0.24002 0.0228 0 0.14094 0.05263 0 0 224 168 0.08097 0 0.74223
649 0 1 -0.24703 0.00019 0 -0.01525 0.05191 0.12503 0 179 75 0.11248 0 1.21027
650 0 0 0.14806 0.02834 0 0.31553 0.05338 0 0.67903 223 221 0.23528 0 0.5279
651 0 1 0.13464 0.05575 0 0.10981 0.09039 0.20247 0 120 115 0.02996 0 0.77996
652 0 0 0.05967 0.00662 1 0.23555 0.09773 0.25697 0 285 144 0.00957 0 0.66234
653 0 1 0.27773 0.03361 0 -0.12012 0.16887 0.25121 0.31967 181 95 0.21349 0 0.68475
654 0 0 -0.00912 0.00564 0 0.21629 0.02218 0.11897 0.25529 170 143 0.03081 0 0.93464
655 0 1 0.04479 0.0214 0 0.17532 0.02269 0.04939 0.0917 252 124 0.00542 0 0.8554
656 0 0 0.06089 0.00797 0 0.28261 0.05719 0.0061 0.2043 168 144 0.10638 0 0.90473
657 0 0 0.05016 0.01684 0 0.40867 0.14362 0.44407 0 162 125 0.09171 0 0.83098
658 0 1 0.15037 0.01502 0 0.37415 0.13425 0.23036 0 163 147 0.15317 0 0.77832
659 0 0 -0.03479 0.02747 0 0.05913 -0.00417 0.22314 0 328 182 0.05553 0 1.0083
660 0 1 0.10498 0.02406 0 0.22612 0.07456 0.12618 0 183 142 0.11323 0 0.82364
661 0 0 0.06923 0.1901 0 -0.29178 -0.1188 0 0 197 153 -0.38232 0 0.816
662 0 1 0.4061 0.01024 0 0.66597 0.14846 0.38943 0.17708 119 92 0.28483 0 0.50592
663 0 1 0.45468 0.03463 0 0.14059 0.23125 0 0.42925 170 158 0.28283 0 0.48718
664 0 0 -0.34342 0.06153 0 0.25078 -0.13045 0.31398 0.12719 246 134 -0.05403 0 0.952
665 0 1 0.36163 0.10456 0 0.24951 0.15817 0 0.11822 177 159 0.19557 0 0.53049
666 0 0 0.05383 0.01689 0 0.47043 0.05549 0.37024 0 232 207 0.00024 0 0.83302
667 0 0 0.08957 0.07939 0 0.29398 0.03728 0.09224 0.3809 177 161 0.23218 0 0.82985
668 0 1 0.16404 0.04598 0 0.12887 0.06259 0.00447 0 231 168 0.07864 0 0.80069
669 0 1 0.203 0.0032 0 0.48146 0.12 0.24861 0.30862 177 173 0.12652 0 0.65729
670 0 0 0.03746 0.10999 0 0.43803 -0.03326 0 0.22393 180 158 -0.15039 0 0.9224
671 0 0 0.09175 0 0 -0.02779 0.07723 0.13053 0.69643 161 137 0.08925 0 0.81437
672 0 0 -0.04954 0.0187 0 -0.05341 -0.08523 0.04673 0 166 148 -0.04472 0 1.02
673 0 1 -0.0194 0.10587 0 -0.1858 0.10979 0.06632 0 170 158 0.00067 0 0.9828
674 0 1 0.0044 0.05383 0 0.45618 0.08565 0.28095 0.00775 236 158 0.10768 0 0.93326
675 0 0 0.00875 0.07642 0 0.08874 0.06664 0.04496 0.66301 262 131 0.19185 0 0.91569
676 0 1 0.5214 0.01895 0 0.41409 0.18879 0.32616 0 273 138 0.20027 0 0.4276
677 0 0 0.1094 0.00371 0 0.21836 0.02181 0.05193 0 175 158 0.05662 0 0.67194
678 0 1 0.22806 0.04242 1 0.1505 0.07602 0.01486 0 168 138 0.09259 0 0.68218
679 0 0 0.20258 0.05928 0 0.42349 0.06002 0.2224 0 166 137 0.06234 0 0.73287
680 0 1 0.50434 0.03554 0 0.20996 0.34317 0 0 175 162 0.16056 0 0.44639
681 0 0 0.04752 0.00026 0 0.32824 0.02588 0.16321 0.29452 232 179 -0.16698 0 0.84544
682 0 0 -0.09493 0.00897 0 -0.05761 -0.01097 0.31298 0.78175 125 97 -0.37756 0 1.032
683 0 1 0.29038 0.03581 0 0.71278 0.17323 0.17783 0.14782 204 162 0.16011 0 0.58673
684 0 1 -0.37517 0.00223 1 0.59715 0.19035 0.01306 0.16516 254 147 0.19985 0 1.17359
685 0 1 0.2253 0.01006 0 0.33975 0.12107 0.03214 0.53941 349 325 0.00151 0 0.65326
686 0 0 -0.02162 0.01322 0 0.11502 0.06508 0.11446 0 167 126 0.10695 0 0.80685
687 0 1 0.11254 0.00376 0 0.37199 0.28477 0.22136 0 199 154 0.30696 0 0.79271
688 0 1 0.4887 0.42213 0 -0.116 -0.01026 0.02907 0.52755 216 189 0.09621 0 0.3974
689 0 0 0.21089 0.0008 0 -0.24216 0.0854 0.07986 0 183 165 -0.02336 0 0.7318
690 0 0 0.06096 0.01711 0 0.03078 0.0531 0 0.65863 176 151 -0.09118 0 0.88999
691 0 0 0.02931 0.08046 0 0.08377 0.07638 0.06556 0 226 92 0.14734 0 0.95195
692 0 0 -0.06633 0.01327 0 0.1408 0.04176 0.213 0.8784 128 115 -0.30328 0 1.0077
693 0 1 -0.03896 0.12746 0 -0.05582 0.32076 0.08608 0.08052 161 130 0.27196 0 1.0113
694 0 1 0.02969 0 0 0.25161 0.07684 0.05435 0 163 158 0.07584 0 0.87981
695 0 0 -0.16471 0.00262 0 0.48142 -0.02287 0.13289 0.12351 260 228 -0.03136 0 0.972
696 0 1 0.07667 0.20644 0 0.22076 0.07721 0 0 181 182 0.12876 0 0.82667
697 0 1 -0.05725 0.0273 0 0.08316 0.12412 0.03713 0.79913 196 167 0.31855 0 0.91852
698 0 0 -0.18755 0.01285 0 -0.22437 0.01644 0 0.40149 135 106 -0.11939 0 1.022
699 0 1 0.01413 0.05939 0 -0.04462 0.0582 0 0.42709 130 77 0.01487 0 0.90624
700 0 1 0.05638 0.01102 0 0.27282 0.12548 0.06005 0.6125 173 126 0.0981 0 0.76347
701 0 1 0.04031 0 0 0.2646 0.07652 0.37764 0.32333 200 184 0.13571 0 0.92669
702 0 1 0.2156 0.02136 0 0.23205 0.07557 0.40017 0 134 133 -0.40895 0 0.71284
703 0 1 0.03283 0.06783 0 0.32901 0.09918 0.49641 0.21464 233 161 0.08955 0 0.94522
704 0 1 0.28561 0.04216 0 -0.07189 0.09154 0 0.42908 348 326 -0.15326 0 0.68
705 0 1 0.05663 0.0165 0 0.54704 0.09775 0.23148 0 210 175 0.11923 0 0.85306
706 0 1 0.20248 0.06823 0 -0.00471 0.09949 0.02342 0.80779 180 153 0.19826 0 0.63861
707 0 0 -0.01439 0.00251 0 0.31385 0.04614 0.75662 0.82759 189 154 0.04094 0 0.42673
708 0 1 0.10869 0.01096 0 0.63683 0.07227 0.0691 0 294 145 0.07063 0 0.85178
709 0 1 0.00958 0.02357 0 0.10982 0.05035 0 0.85297 230 160 -0.19699 0 0.97539
710 0 1 0.46672 0.14854 0 0.40921 0.45355 0 0.45399 237 126 0.35213 0 0.50491
711 0 1 0.37743 0.19029 0 0.23391 0.09182 0 0.13004 155 151 0.107 0 0.40954
712 0 1 0.20241 0.0181 1 0.36639 0.10416 0.08448 0 228 137 0.22219 0 0.69238
713 0 1 0.17447 0 0 0.03798 0.09896 0.57291 0 246 231 0.15306 0 0.7497
714 0 0 -1.45902 0.10164 0 0.89836 -0.20073 0 0 363 172 0.23934 0 0
715 0 0 0.00024 0.00029 0 0.03048 0.01553 0.0168 0 160 153 0.08889 0 0.82641
716 0 0 0.05798 0.04214 0 0.12578 0.02084 0.16812 0.18339 179 62 0.09861 0 0.83291
717 0 1 0.56049 0.03773 0 0.72719 0.15853 0.29892 0 206 142 0.14928 0 0.23544
718 0 0 0.0355 0.00291 0 0.11045 -0.00881 0.26928 0 181 178 -0.04934 0 0.8424
719 0 1 0.07522 0.25339 0 -0.51108 0.00391 0 0 204 139 -0.49003 0 0.6054
720 0 0 -0.01121 0.02682 0 -0.20604 0.10472 0 0 91 63 -0.2236 0 0.94104
721 0 0 0.02144 0.00625 0 -0.07255 0.01613 0.26748 0.54465 190 182 -0.36813 0 0.9395
722 0 1 0.13133 0.09516 0 -0.08524 0.16702 0.11943 0.53368 204 126 0.06444 0 0.84882
723 0 1 0.15309 0.27748 0 0.27173 0.08648 0.01832 0.46883 163 127 0.08936 0 0.41952
724 0 0 0.02331 0.00518 0 0.42714 0.09923 0.40122 0.55936 152 133 0.01257 0 0.93314
725 0 1 0.0252 0.01696 0 -0.06511 0.07396 0 0 160 131 0.07886 0 0.93848
726 0 0 -0.04302 0 1 0.32535 -0.23545 0.0477 0 261 153 -0.01754 0 1.011
727 0 1 0.02733 0.00214 0 0.18729 0.11073 0.07006 0 173 167 0.13469 0 0.88208
728 0 1 0.14302 0.10554 0 0.12271 0.10302 0 0 167 151 0.22811 0 0.74036
729 0 1 0.28089 0.22018 1 0.20596 0.21266 0 0 238 128 0.23995 0 0.55879
730 0 1 0.01514 0.02348 0 0.60537 0.05263 0.39964 0.16513 132 126 -0.01724 0 0.95328
731 0 1 0.14428 0.00115 0 0.08818 0.04946 0.21422 0.44934 243 238 -0.16896 0 0.78539
732 0 1 -0.0013 0 0 0.05173 0.10674 0.03484 0.53831 155 127 0.18446 0 0.9231
733 0 1 0.07092 0 0 0.04234 0.17088 0.12571 0 181 167 -0.10316 0 0.92664
734 0 1 -1.76958 0.35219 0 -0.30176 0.52506 0.0403 0 154 151 0.7499 0 2.462
735 0 0 0.42196 0.00302 0 -0.00439 0.06966 0.38252 0 238 113 0.12266 0 0.52832
736 0 1 0.08462 0.00599 0 0.42988 0.15044 0.0886 0.50385 176 124 0.12761 0 0.8512
737 0 1 0.10691 0.00711 0 0.03238 0.1226 0.68614 0.01062 243 214 0.13582 0 0.76793
738 0 1 0.04855 0.0697 0 -0.27423 0.0743 0.02334 0 189 145 0.04974 0 0.89712
739 0 1 -0.02719 0.00737 0 0.46018 0.03609 0.12587 0 177 145 0.04212 0 0.59115
740 0 0 0.11237 0.04927 0 0.25016 -0.02565 0 0 278 149 0.03639 0 0.75123
741 0 1 0.10969 0.26408 1 0.05082 0.08322 0 0 169 158 0.01182 0 0.61174
742 0 0 0.00302 0 0 0.05694 0.0491 0.42564 0 251 176 0.06851 0 0.81904
743 0 1 0.2963 0.20036 0 0.02429 0.28798 0 0 195 167 0.14459 0 0.66797
744 0 1 -0.14383 0.0963 0 0.00105 0.38474 0.24002 0 156 136 0.21899 0 0.84135
745 0 1 0.08712 0.03623 0 0.56143 0.17446 0.29254 0.45675 157 157 0.16243 0 0.85975
746 0 0 -0.01013 0.00088 0 -0.06767 0.21514 0.50792 0 274 151 -0.24425 0 0.89
747 0 1 0.03947 0.01542 0 0.13546 0.07992 0 0.3263 107 85 -0.02141 0 0.7655
748 0 1 -0.10179 0.02679 0 0.79847 0.07406 0.03733 0 190 168 0.0949 0 1.02883
749 0 0 -0.08872 0.03034 0 0.12373 0.07154 0.22336 0.22204 138 111 -0.17245 0 1.0053
750 0 1 0.04052 0.07766 0 0.24761 0.09512 0 0.8639 184 153 -0.41306 0 0.67811
751 0 0 -0.00334 0.10256 0 0.71927 0.01817 0.2796 0.2796 316 126 -0.02502 0 0.8642
752 0 1 0.03711 0.00073 0 0.6752 0.11072 0.33756 0 120 92 0.12262 0 0.65967
753 0 0 -0.08535 0 0 -0.53614 -0.03406 0.03924 0 206 180 -0.6276 0 0.88
754 0 0 0.00033 0.05575 0 0.22144 0.05779 0 0 160 130 0.11046 0 0.91828
755 0 1 0.00551 0.06817 0 -0.05705 0.01584 0.41186 0.41186 223 182 -0.91701 0 0.9144
756 0 1 0.12471 0.00081 0 -0.06061 0.21284 0.26517 0.55527 196 179 -0.49738 0 0.7744
757 0 0 -0.0627 0.01654 1 0.11754 0.00241 0.08237 0 213 182 -0.67602 0 0.8411
758 0 1 0.03791 0.01509 0 0.02207 0.07126 0 0.71599 222 126 -0.6146 0 0.93384
759 0 1 0.01321 0.02724 0 0.07119 0.09617 0 0 181 167 -0.45492 0 0.88901
760 0 0 -0.04777 0.01454 0 0.3541 -0.04268 0.01814 0 146 115 -0.4081 0 0.658
761 0 1 0.026 0.09847 0 0.37995 0.08172 0.14934 0.4335 135 111 -0.06724 0 0.8267
762 1 0 0.07849 0.0008 0 0.03932 0.75737 0.84838 0.36815 189 168 0.06327 0 0.90304
763 1 0 0.01715 0.00539 1 0.25323 -0.05732 0.19254 0.09982 302 93 -0.06257 0 0.90737
764 1 0 -0.38239 0.00041 0 0.29044 0.08195 0.5168 0.35724 172 163 0.14844 0 1.15971
765 1 0 -0.43936 0.00232 0 0.23077 -0.10803 0.37723 0.57033 255 158 0.23424 0 0.9383
766 1 0 -0.3157 0.04355 0 -0.22859 -0.12275 0.04978 0.01602 165 159 -0.01624 0 0.68
767 1 0 0.01002 0.01521 0 0.03483 0.05743 0.27275 0 170 144 0.10994 0 0.94292
768 1 0 -0.01387 0.04326 0 0.01614 -0.69746 0.20468 0 250 220 -0.06955 0 0.933
769 1 0 -0.07416 0.00425 1 -0.07361 -0.02078 0.13626 0.49899 166 153 0.25234 0 0.897
770 1 1 0.03126 0.00069 0 0.18099 0.09565 0.13519 0 179 148 0.10806 0 0.90953
771 1 1 0.03364 0.04638 1 0.23242 0.0855 0.128 0.32775 213 194 0.0847 0 0.878
772 1 0 -0.40546 0.03709 1 -0.40222 0.08233 0 0.31537 297 278 0.15115 0.41173 1.0308
773 1 0 -0.23131 0.00988 0 0.36515 -0.51995 0.39152 0.3541 241 196 -0.21663 0 1.183
774 1 0 0.00428 0.16356 1 0.18846 0.02921 0.3169 0.05556 285 147 0.08898 0 0.97872
775 1 0 -1.28938 0.00539 0 -0.43955 -1.24041 0.32404 0 246 227 -1.21782 0 2.04
776 1 0 -0.17807 0.02493 0 0.07858 0.00979 0.00096 0.22923 200 156 -0.08239 0 0.9733
777 1 1 0.01576 0.00604 0 0.25784 0.03019 0.21125 0 181 147 0.0051 0 0.93525
778 1 1 -0.05563 0.01996 0 -0.02128 0.01701 0.01962 0 250 140 -0.03386 0 0.956
779 1 0 -0.14215 0.02398 1 0.2843 0.06214 0.14301 0 198 181 -0.05217 0 0.6886
780 1 1 0.04293 0.00019 0 0.47648 0.06583 0.43747 0 327 157 0.12526 0 0.94094
781 1 1 -0.06732 0.02757 0 0.20197 0.07524 0.33091 0.30731 236 179 0.11786 0 0.88933
782 1 1 0.27037 0.00032 1 0.00182 0.20113 0.08283 0.73092 316 183 -0.22942 0.07493 0.70464
783 1 0 -0.99197 0.00189 0 0.10116 -0.17848 0.00513 0.33053 186 157 0.00746 0.29397 0.9243
784 1 1 0.08043 0.0003 1 0.21405 0.0478 0.13952 0 412 247 -0.0193 0 0.8244
785 1 1 0.03577 0.00069 0 0.30957 0.07561 0.05757 0 180 150 0.06733 0 0.94348
786 1 0 0.00675 0.00965 0 0.70092 0.21304 0.32514 0 137 97 0.23286 0 0.88307
787 1 0 -0.43348 0.01627 1 -0.21284 -0.1283 0.20211 0 274 199 0.04923 0 1.155
788 1 0 -0.02753 0.00026 0 0.5918 0.18541 0.59233 0.68057 262 240 0.12792 0 0.62561
789 1 1 0.08992 0.01771 0 0.55216 0.15082 0.4667 0 226 138 0.08295 0 0.82143
790 1 1 0.02036 0.01369 0 0.12043 0.09194 0.28892 0 219 178 -0.04082 0 0.95381
791 1 0 -0.00714 0.00721 0 -0.39392 0.02854 0 0.37124 213 192 -0.53029 0 0.863
792 1 0 0.04676 0.04635 0 -0.06455 0.02336 0.0689 0.01112 188 153 -0.04841 0 0.8967
793 1 0 0.00406 0.00239 1 0.09774 0.12784 0.12863 0 186 137 -0.30343 0 0.90973
794 1 0 -0.06612 0.00916 1 0.33288 -0.03349 0.20935 0.1902 373 141 -0.36234 0 0.823
795 1 0 -0.0018 0 0 0 0.332 0.1965 0.70681 157 124 -0.75142 0 0.5869
796 1 1 0.00824 0.01476 0 0.05632 0.07237 0.21958 0.44846 288 148 -0.30858 0 0.97268
797 1 0 -0.18271 0.00036 0 -0.00139 -0.17301 0.32048 0.23847 157 124 -0.82229 0.01337 0.64
798 1 0 -0.0561 0.00089 0 0.09979 0.00055 0.1589 0 213 147 0.00208 0 0.83951
799 1 0 -0.2018 0.02729 0 -0.17175 -0.12925 0.18633 0 271 252 -1.05372 0 1.16
800 1 0 -0.2819 0.03501 0 0.45268 -0.33229 0.82455 0.54763 195 182 -0.40264 0 1.18
801 1 1 0.05538 0.11085 0 -0.05839 0.11897 0 0 188 150 -0.05616 0 0.8371
802 1 0 -0.00477 0.00561 0 0.83078 0.04823 0.8445 0 361 181 0.04008 0 0.99477
803 1 1 0.01296 0.12076 0 -0.05041 0.02327 0 0 264 179 -0.37643 0 0.9321
804 1 0 -0.16452 0.07677 1 0.32919 -0.06139 0.13815 0 156 106 -0.25068 0 0.804
805 1 0 -0.06609 0.01331 0 0.21838 -0.47327 0.15204 0.08144 213 182 1.16158 0 0.9765
806 1 1 -0.0388 0.01837 0 0.23917 0.10478 0.19049 0.25482 177 126 0.15406 0 0.86677
807 1 0 -0.04232 0.00318 0 0.41639 -0.02347 0.47243 0.24643 199 128 -0.16671 0 0.995
808 1 1 0.04632 0.00863 0 0.37072 0.05437 0.451 0.31039 197 88 0.07052 0 0.93217
809 1 1 0.07216 0.01531 0 -0.45349 0.10048 0 0 346 158 0.23768 0 0.88579
810 1 0 -0.05244 0.00063 0 0.15084 -0.05396 0 0 163 129 0.06811 0 0.9604
811 1 0 -0.24303 0.0133 1 -0.32568 -0.28086 0.01168 0.04972 288 153 -0.23663 0 1.2
812 1 0 -0.31084 0.03866 0 0.43022 -0.024 0.19713 0.03785 179 165 -0.0344 0 0.832
813 1 1 0.0556 0.00022 0 -0.10486 0.07206 0.12923 0.83532 217 153 -0.565 0 0.8366
814 1 0 0.01021 0.00048 0 0.42618 0.0608 0.57104 0.39495 197 156 0.14269 0 0.71228
815 1 1 0.02713 0 1 0.07147 0.12196 0.30028 0.33569 152 125 0.03815 0 0.83303
816 1 1 -0.00895 0.0032 0 0.08886 0.04931 0.24858 0.32368 200 160 -0.08057 0 0.7401
817 1 0 0.11058 0.04096 0 0.00879 -0.00406 0 0 199 161 -0.00024 0 0.8814
818 1 0 0.19613 0.00456 0 0.3027 0.06008 0.30912 0.45945 154 149 0.15172 0 0.7615
819 1 0 0.1565 0.00084 0 0.5564 0.05163 0.38045 0 302 149 0.13303 0 0.56318
820 1 1 0.10712 0.13215 0 0.07318 0.07487 0.64614 0 266 174 -0.10632 0 0.8177
821 1 0 0.11802 0.01541 0 0.15025 0.03912 0.20933 0.72506 214 130 -0.04764 0 0.53169
822 1 0 -0.26017 0.06011 1 0 -0.77733 0 0 393 212 -0.0375 0 0
823 1 1 0.11 0 1 0.38767 0.09297 0.32727 0 194 96 0.53251 0 0.85266
824 1 0 0.01678 0.06123 0 -0.0575 0.04692 0.01231 0 254 123 -0.42023 0 0.9641
825 1 0 -0.15229 0 0 0.26568 -0.18724 0.2078 0 264 145 -0.24822 0 0.944
826 1 0 -0.16203 0.05427 1 -0.09911 -0.13011 0.351 0 247 153 -0.00167 0 0.93
827 1 0 -0.24101 0.00056 1 0.38535 -0.16785 0.26074 0.20953 177 149 -0.15168 0 1.069
828 1 0 -0.08634 0 1 0.05761 -0.0447 0.11968 0 260 169 -0.23625 0 1.057
829 1 0 -0.04363 0.10235 0 0.16656 0.02216 0 0 235 147 0.04099 0 0.71627
830 1 0 -0.24693 0.00214 0 0.01692 0.04941 0.23404 0.65042 191 155 -0.27368 0 0.836
831 1 0 -0.01342 0 0 0.19496 0.04428 0.40443 0.65971 279 156 -0.45585 0 0.8765
832 1 0 0.0289 0.00605 0 0.24605 0.09585 0.47835 0.51377 185 153 -0.48771 0 0.87652
833 1 0 -0.01167 0.0022 0 0.41507 -0.00792 0.28193 0 213 200 -0.14119 0 0.851
834 1 0 0.00024 4e-05 0 0.25561 0.03919 0.2704 0.07638 198 172 0.02 0 0.94872
835 1 0 -0.63515 0 0 -0.21053 -0.5988 0.12875 0 235 180 -1.50798 0 1.45
836 1 0 0.12788 0.01121 0 0.09619 -0.019 0.05375 0.19259 252 160 0.07291 0 0.82001
837 1 1 0.06341 0.00714 0 0.1112 0.06873 0.04762 0.67731 198 153 -0.27972 0.16524 0.90175
838 1 0 0.02315 0.00527 0 0.53734 0.05119 0.22126 0 202 148 0.06379 0 0.84032
839 1 0 -0.11897 0.00859 1 -0.09701 -0.09853 0.25229 0.42677 357 182 -0.02026 0.04768 1.11
840 1 1 0.23735 0.02341 0 0.20404 0.02947 0 0.32283 363 165 0.0602 0.4071 0.73179
841 1 0 0.20764 0.02493 0 0.31388 0.01311 0.42212 0.53182 259 105 0.09873 0 0.76446
842 1 0 -0.10006 0.00838 0 -0.1505 -0.1349 0.17437 0 105 87 0.04242 0 0.6396
843 1 0 -0.19956 0.01253 0 0.38602 -0.01031 0.50244 0.48392 174 102 0.00395 0 0.9038
844 1 1 0.02521 0.02663 0 0.009 0.12953 0.19702 0 132 121 0.01652 0 0.94706
845 1 0 -0.01464 0.03618 0 0.36596 -0.25913 0.48647 0.52644 180 92 -0.215 0 0.9408
846 1 1 0.00767 0.02457 0 0.44235 0.00308 0.4085 0 180 167 0.06178 0.37191 0.96017
847 1 1 -0.5796 0.00023 0 0.16183 0.0705 0.08125 0 237 207 0.13029 0 1.21619
848 1 0 0.08982 0.00319 0 0.22976 0.10944 0.45392 0 470 101 0.16937 0 0.87309
849 1 1 0.07689 0.00346 0 0.08485 0.0264 0.05772 0.19489 206 152 -0.15682 0 0.87671
850 1 0 -0.54205 0.04604 0 -0.11629 -0.04382 0.21047 0.44353 386 153 0.07718 0 1.47
851 1 0 0.08863 0.02403 0 0.26986 0.09478 0.83138 0 298 248 0.00232 0 0.80432
852 1 0 0.14592 0.00391 0 0.30547 0.05674 0.10679 0.08506 176 116 0.04575 0 0.84304
853 1 0 -0.02575 0 0 0.58503 0.03173 0.30196 0.21366 320 303 0.04595 0 0.77522
854 1 1 0.0172 0.04456 1 0.38351 0.12409 0.34938 0.14926 80 48 0.10135 0 0.82915
855 1 0 -0.19863 0.11722 0 0.12643 0.00814 0.04781 0 378 182 0.02616 0 0.80564
856 1 1 0.0442 0.00549 0 0.32256 0.0172 0.30393 0.0734 240 63 0.04553 0 0.88182
857 1 1 -0.66611 0.00825 1 -0.61717 0.03852 0.17771 0.16277 185 182 -0.02085 0 1.611
858 1 0 0.01415 0.00018 0 0.20578 -0.0622 0.16056 0.13242 287 274 0.01299 0 0.93537
859 1 0 0.0483 0.00022 0 0.38656 -0.12742 0.51639 0 224 151 -0.24718 0 0.9096
860 1 0 0.07482 0.00532 1 0.49099 0.0969 0.37121 0.46515 176 144 0.05919 0 0.71321
861 1 0 -0.61775 0.01011 1 0.02076 -0.23531 0.2732 0.68306 310 182 -0.47836 0 1.076
862 1 0 0.08461 0.06037 0 0.15972 0.00972 0.15754 0 126 113 0.04097 0 0.89715
863 1 0 -0.15928 0.00374 0 0.24118 -0.0499 0.64375 0 167 153 -0.00486 0 1.088
864 1 0 0.05271 0.04568 0 0.50935 0.04532 0.39495 0 177 157 0.05618 0 0.54761
865 1 0 0.01151 0.00232 0 -0.37419 0.07852 0.10241 0 174 91 -0.15033 0 0.91296
866 1 0 -0.32804 0.00051 0 0.02416 -0.24144 0.16618 0.461 211 180 -0.60813 0 0.979
867 1 1 0.03423 0.00408 0 0.23387 0.09132 0.2847 0 163 134 0.06931 0 0.96021
868 1 1 0.06576 0.02406 0 -0.06608 0.03331 0.05027 0 211 180 -0.16032 0 0.7357
869 1 0 -0.08762 0.01041 0 0.01416 -0.22018 0.02175 0 321 151 -0.12085 0 0.941
870 1 0 -0.20426 0.00069 1 -0.02455 -0.16767 0.15251 0.29476 181 151 -0.08281 0 1.07
871 1 1 0.07709 0.00703 0 0.11446 0.02925 0.32918 0.5905 381 155 -0.56342 0 0.90141
872 1 1 0.09093 0.00023 0 0.33669 0.11298 0.21441 0 196 127 0.17631 0 0.8644
873 1 0 -0.00127 0.00917 0 0.22811 0.01842 0.12249 0.15642 294 132 0.17583 0 0.93241
874 1 0 -0.09135 0.0723 0 0.28483 -0.05384 0.05639 0 299 269 -0.15978 0 0.484
875 1 0 -0.00114 0.07212 0 -0.08059 0.03671 0.03837 0 231 205 0.05636 0 0.968
876 1 0 -0.85415 0.07352 0 0.33967 -0.25259 0.62288 0 206 153 -0.32853 0 0.85
877 1 1 -0.03806 0.00994 1 0.01888 0.09755 0.02382 0.88191 192 164 0.18983 0 1.02574
878 1 0 -0.1105 0.00135 1 -0.16345 0.01419 0.30269 0.30269 212 153 -0.13717 0 1.07
879 1 1 0.16434 0.0431 0 0.00579 1.24979 0 0.24715 193 184 0.13657 0 0.82333
880 1 1 7e-05 0.01286 0 0.08077 0.08641 0 0.20726 184 153 0.07935 0 0.91908
881 1 0 -0.25622 0.00037 0 -0.00111 -0.03082 0.15405 0 209 168 -0.23255 0 0.96
882 1 0 -0.83603 0.00305 0 0.1022 -0.24231 0.12182 0.01851 177 163 -0.04453 0 1.336
883 1 0 -0.06349 0.00134 0 0.10261 -0.02121 0.13617 0.32823 183 164 -0.10721 0 0.798
884 1 1 0.0015 0.03682 0 0 0.166 0.29326 0 219 154 -0.66941 0 0.86473
885 1 0 -0.15104 0.00531 1 0.09186 0.23035 0.41297 0 261 245 -0.69874 0 0.5446